0.13413548577484957
0.13413569587692017
0.1341359359817312
0.1341361462431532
0.1341363864926565
0.1341365968882785
0.13413729702214547
0.13413774376921553
0.13413795293176212
0.13413819213098588
0.1341384016860139
0.13413864134107975
0.13413885125820785
0.1341390912349615
0.134139301437092
0.13413954165745887
0.1341397520725547
0.13413999248273242
0.13414020305564994
0.13414044360928945
0.13414065431573924
0.13414089498787435
0.13414110579336266
0.13414134828285387
0.13414156947069997
0.13414180709618526
0.1341420159032493
0.1341422545585378
0.1341424640742264
0.1341427036124806
0.1341429135037492
0.1341431534843024
0.13414336373088645
0.13414360402594325
0.1341438145524286
0.13414405508748453
0.13414426581962854
0.13414450653934848
0.1341447174305631
0.1341449582946317
0.13414516931729584
0.13414541202655691
0.13414563343385116
0.13414587130816163
0.134146080381708
0.13414631930584098
0.13414652910395902
0.13414676892605215
0.1341469791189435
0.13414721940002042
0.13414742996005302
0.13414767056741933
0.1341478814174126
0.13414812227343922
0.13414833333973225
0.13414857438919317
0.1341487856186394
0.13414902681631619
0.13414923818258603
0.13414948123006543
0.13414970297871426
0.13414994119223342
0.13415015061249955
0.1341503898760809
0.1341506000192642
0.13415084017875445
0.1341510507160219
0.13415129133302967
0.1341515022344546
0.1341517431749448
0.13415195436314245
0.13415219554890406
0.13415240695111383
0.13415264832768994
0.1341528598890985
0.13415310141023987
0.13415331310577627
0.13415355474594987
0.13415376654119532
0.13415401000157495
0.13415423217294803
0.13415447076768866
0.13415468056654012
0.13415492019195446
0.1341551306984971
0.13415537120585452
0.13415558208726272
0.13415582303619794
0.1341560342721982
0.1341562755349195
0.13415648705016237
0.13415672855221655
0.13415694027240913
0.1341571819584302
0.13415739383706177
0.13415763566679548
0.1341578476762289
0.1341580913529066
0.13415831373975456
0.13415847101381004
0.13415847921316418
0.1341583730446761
0.13415808446373473
0.13415767720442065
0.1341571074880738
0.13415645944789004
0.13415570409633668
0.13415493635582698
0.1341541343496445
0.13415339706138754
0.13415270412717223
0.13415215399430874
0.13415172408970208
0.13415150943231902
0.13415148306896268
0.13415173672441233
0.13415224480423124
0.13415306968435378
0.134154187899672
0.1341556770154659
0.13415749436339017
0.13415971283344685
0.13416228417552464
0.13416527722349392
0.13416863930577902
0.13417243534238074
0.13417660907074339
0.13418122208070285
0.13418621515329707
0.13419164714310644
0.1341974564133436
0.13420369959626724
0.13421031312623874
0.13421735353876144
0.1342247624413609
0.13423257130677202
0.13424072844429596
0.13424928477493905
0.13425817388750236
0.13426744635527735
0.1342770343961689
0.13428698839706896
0.13429723989934203
0.13430783875591076
0.1343187161566642
0.13432992150259163
0.13434138578046276
0.13435315807281142
0.13436516926782158
0.1343774682459364
0.13438998591935344
0.1344027710377583
0.13441575462635894
0.13442898715200102
0.13444240633895332
0.13445603937966707
0.13446983233022478
0.1344838327192039
0.13449797322820084
0.13451230220023805
0.13452675206448694
0.13454137192983048
0.13455609452430667
0.1345709692409864
0.13458592930997063
0.13460102439068725
0.13461618824917132
0.13463147085559007
0.13464680652823255
0.13466224556466105
0.13467772286083668
0.13469329082616513
0.13470889113384593
0.13472455371440722
0.13474022899116123
0.13475675959776628
0.13477246001648255
0.13478802841221518
0.13480363103655596
0.13481932499038873
0.13483502735527345
0.13485078032517286
0.1348665180603637
0.13488229006141603
0.1348980328444718
0.13491379715185553
0.13492952095859703
0.13494525610577848
0.1349609417382981
0.13497663226015072
0.13499227359464192
0.13500789837143803
0.1350234614602451
0.13503901502369056
0.13505450120821436
0.13506997323036518
0.135085373136923
0.1351007549183365
0.13511606092525422
0.13513134538345198
0.1351465510646318
0.1351617323389569
0.13517683237287131
0.13519190566439573
0.1352068957284157
0.1352218571754707
0.13523673385593088
0.13525158044981803
0.1352663411124645
0.13528107243040047
0.13529572444291618
0.13531033194023712
0.13532485352012277
0.13533934257391447
0.13535374483677706
0.13536811449740205
0.13538239691611303
0.13539664681043959
0.13541080960352064
0.13542494003155364
0.13543898372454335
0.13545299537794167
0.13546692081676798
0.1354808147036971
0.1354946230370879
0.13550840043495588
0.1355220930634312
0.13553575733314682
0.13554934490223702
0.13556289077055605
0.13557635504523358
0.1355897907075123
0.13560314511381324
0.13561647198545346
0.13562971821905576
0.13564293796942598
0.13565607809974636
0.13566919271559047
0.13568222879942357
0.13569524035387723
0.13570817448292882
0.135721085098462
0.13573391940719573
0.13574673123463857
0.13575946789674076
0.13577218498033508
0.13578483502212751
0.13579745259293707
0.13580999863740328
0.13582252523286187
0.13583498073285077
0.1358474179614876
0.1358597847933027
0.1358721344610673
0.13588441477674676
0.1358966789141881
0.13590887477922964
0.1359210554365598
0.13593316889411391
0.1359452681211586
0.1359573012102066
0.13596932104522655
0.13598127581382172
0.1359932201672482
0.13600510730709303
0.1360169712691684
0.13602877364233953
0.13604056555965935
0.13605229620030648
0.13606401747118824
0.13607567807641757
0.1360873303284996
0.1360989228610332
0.13611050793306356
0.13612203426388145
0.13613355400950145
0.13614501598457618
0.13615647225242403
0.1361678717360135
0.13617926643105469
0.1361906053233846
0.13620194030918434
0.1362132204620487
0.13622449947847753
0.13623573126952482
0.1362469492928819
0.13625811583307898
0.13626928106635358
0.1362803950444743
0.13629150874030377
0.13630257172776672
0.1363136353891334
0.136324649220912
0.13633566454595625
0.13634663093763247
0.1363575996160817
0.1363685202343483
0.13637944392901877
0.1363903204234656
0.13640120076978324
0.13641203476676905
0.1364228752452764
0.13643367665411396
0.13644447197159795
0.13645522396388024
0.13646598193739012
0.13647669661132902
0.1364874181066725
0.13649809667219273
0.13650878282748283
0.13651942673689965
0.1365300788684307
0.1365406894574536
0.13655130887492975
0.1365618874359633
0.13657247542991358
0.1365830232374443
0.13659358107370467
0.13660409939423157
0.13661463019299386
0.13662512842729185
0.13663562658462244
0.13664608789961433
0.13665656085493
0.13666699681026756
0.1366774450828949
0.13668785657158802
0.1366982809890058
0.13670866914770408
0.1367190707151209
0.1367294365726154
0.13673981629651927
0.1367501608477264
0.13676051972508219
0.13677084395294012
0.13678118296283054
0.13679148785310666
0.1368018079679374
0.13681209447194137
0.1368223985024727
0.1368326755896071
0.13684295768164756
0.13685320854763358
0.13686347581604136
0.13687371154664718
0.13688396421701046
0.1368941854280517
0.13690442405760855
0.13691463162099668
0.13692485694834322
0.13693505162354155
0.1369452643891744
0.13695544690248992
0.13696564783796658
0.13697581891768254
0.13698600874706032
0.13699616911804624
0.1370063504149568
0.13701650865758777
0.13702667539306318
0.13703681481701188
0.1370469738270202
0.1370571051209781
0.13706725649641047
0.13707738017970397
0.13708752432192045
0.13709764105500882
0.13710777849402045
0.13711788884358903
0.1371280201424639
0.1371381246763848
0.13714825042033676
0.13715834972449634
0.13716847050410508
0.13717856517998256
0.13718868343842902
0.1371987818080077
0.13720889144293588
0.13721897698930857
0.13722908465971612
0.13723916773177447
0.13724927329051315
0.13725935417123422
0.1372694578411969
0.13727953704284868
0.13728963920365114
0.13729971712693143
0.13730981815742876
0.13731989517116844
0.13732999544373645
0.1373400719085279
0.13735017178205788
0.13736024806538694
0.13737034973728132
0.1373804337954267
0.13739053098142673
0.13740060635114942
0.13741070542832967
0.13742078206059458
0.13743088265485365
0.13744096062507405
0.13745106275717311
0.1374611423730177
0.13747124622282625
0.13748132768960847
0.13749143344532672
0.1375015169468362
0.13751162480052076
0.13752171052094697
0.13753182066009792
0.13754190880087064
0.13755202142000184
0.13756211216101813
0.13757222927074858
0.13758233028983616
0.13759244550102928
0.13760254044571543
0.1376126599273325
0.13762275843469482
0.13763288166066928
0.13764298366205344
0.13765311051545437
0.1376632161880935
0.13767334671702144
0.13768345613227512
0.13769359039501675
0.13770370360423792
0.1377138416641899
0.13772395873448837
0.13773410066165492
0.13774422167069672
0.13775436935742635
0.1377645017377994
0.13777464875627649
0.13778477635046169
0.13779492870300497
0.13780506086916378
0.13781521792859858
0.13782535451461458
0.13783551608015782
0.13784565716653224
0.13785582319272294
0.13786596876005375
0.13787613921427364
0.13788628922743063
0.13789646417920084
0.13790661886344274
0.13791679854199188
0.13792695802199953
0.13793714428151888
0.13794731582136935
0.13795750223943923
0.13796766988716247
0.1379778623541259
0.13798803526239733
0.1379982331052317
0.13800841109021353
0.13801861407770144
0.13802879718180888
0.1380390052311097
0.13804919339718819
0.13805940643668527
0.13806959959080362
0.1380798175569424
0.1380900156305653
0.13810023845953312
0.13811044140306358
0.1381206690397683
0.13813087678535113
0.13814111095216702
0.13815133057393258
0.1381615648313808
0.13817178053538623
0.1381820206230962
0.1381922413199988
0.13820248646640967
0.13821271187208142
0.13822296174626691
0.13823319180614083
0.13824344622480103
0.1382536807778792
0.13826393956835106
0.13827417843710296
0.13828444143589924
0.13829468446282292
0.13830495151764705
0.13831519856020325
0.1383254713002129
0.13833572923015564
0.13834600121770974
0.13835625444427493
0.13836653128194457
0.1383767884889016
0.13838706934590508
0.1383973302053219
0.13840761470754775
0.13841787911095066
0.13842816702587346
0.13843843476708648
0.13844872587801804
0.13845899674092138
0.13846929084675474
0.13847956463215405
0.13848986154234644
0.13850013807622208
0.13851043937098662
0.1385207253863402
0.1385310246675629
0.1385413047815349
0.13855160755780846
0.13856189028260094
0.13857219569716125
0.13858248068774706
0.13859278834904262
0.13860307547195994
0.13861338512369561
0.13862367414957794
0.13863398561920548
0.13864427648711683
0.13865458972403477
0.13866488230583196
0.13867519714669282
0.13868549127701235
0.138695809281494
0.13870611158431162
0.1387164264176315
0.13872672172793726
0.13873703882119168
0.13874733550157772
0.13875765398829995
0.13876795168990572
0.138778271173649
0.13878856975124293
0.13879888996369874
0.1388091891749632
0.13881950986266128
0.1388298094564375
0.13884013038235618
0.13885043012013076
0.13886075105501305
0.1388710507262743
0.13888137145808105
0.13889167084179788
0.13890199286924398
0.1389122984736885
0.1389226155117433
0.1389329123541351
0.13894322973790582
0.1389535260241967
0.13896384286177757
0.13897413821469878
0.13898445408368726
0.13899474833743553
0.1390050629461016
0.13901535583154845
0.13902566890207824
0.1390359601399995
0.139046271409998
0.13905656074669617
0.13906686997050013
0.13907715717252495
0.13908746581066184
0.1390977572577483
0.1391080590938625
0.1391183400296645
0.13912864031133207
0.13913891878644694
0.13914921661562107
0.1391594922573022
0.13916978721475884
0.13918005984893023
0.13919035163808513
0.13920062099350647
0.13921090933426009
0.13922117513340998
0.13923145976468856
0.13924172174995772
0.13925200242439936
0.1392622603661459
0.13927253852384863
0.13928279871040905
0.13929306821644377
0.13930331610019506
0.13931358213458936
0.13932382564240595
0.1393340873121337
0.1393443260818383
0.13935458297700581
0.1393648168365954
0.13937506875051175
0.13938529765840366
0.13939554453764108
0.1394057683558887
0.1394160100257798
0.13942622854845754
0.1394364647924783
0.1394466778083257
0.13945690840633093
0.13946711568248912
0.13947734204677473
0.13948754979588981
0.13949776587562493
0.13950795973431074
0.13951817063515695
0.13952835841154934
0.13953856324017408
0.13954874456787542
0.13955894291186555
0.13956911762075513
0.13957930918551034
0.139589477002998
0.13959966150813113
0.13960982215329312
0.13961999933518085
0.13963015255359035
0.13964032216619543
0.13965046772405665
0.13966063115147476
0.13967077515958773
0.1396809264416613
0.13969105475414742
0.13970119892100982
0.13971131921707233
0.13972145538121297
0.13973156730814137
0.13974169506820158
0.13975179845533534
0.1397619175188514
0.13977201209780984
0.13978212218806468
0.13979220768525133
0.13980230854541217
0.1398123847080897
0.1398224760961085
0.1398325427000826
0.13984262598153016
0.13985268906328674
0.13986275837289958
0.13987280398022636
0.1398828642871162
0.13989289999730398
0.13990295042855147
0.1399129759083685
0.13992301608116148
0.1399330311722875
0.1399430608080105
0.1399530652566714
0.13996308409334068
0.13997307764227124
0.13998308543920174
0.13999306784987803
0.1400030643799788
0.1400130354450215
0.14002302206152517
0.1400329877557093
0.14004295869721528
0.140052905259395
0.14006286543920135
0.1400728003544664
0.14008274891818617
0.1400926718745113
0.14010260850367492
0.1401125194746872
0.14012244403016466
0.14013234286857684
0.1401422551711324
0.1401521416800735
0.1401620415299697
0.1401719154961719
0.14018180268089128
0.14019166390443746
0.14020153821966458
0.1402113864864302
0.14022124925013463
0.14023109047510893
0.14024093602092003
0.14025075659744277
0.1402605897654617
0.1402703970820781
0.14028021702187182
0.14029001076523206
0.14029981711453499
0.1403095971478166
0.1403193896473928
0.14032915573265708
0.14033893413795992
0.1403486860314453
0.14035845011665246
0.14036818760242298
0.14037793716085614
0.1403876600451598
0.14039739638118806
0.14040711051012886
0.14041682807278663
0.1404265200436274
0.14043622361423735
0.14044590072150553
0.14045558947203066
0.14046525143128147
0.14047492502531245
0.14048457171457612
0.1404942299102042
0.14050386111070365
0.14051350368164264
0.1405231191709909
0.1405327459117485
0.14054234548879527
0.14055195620913458
0.14056153970145316
0.14057113569322205
0.1405807088967082
0.14059028472050586
0.14059983440593218
0.1406093947903299
0.14061892817533075
0.14062847231406125
0.14063798913936293
0.14064751671952747
0.14065701688077398
0.1406665276791931
0.14067601097673985
0.14068550478599437
0.14069497101745548
0.14070444765150797
0.1407138966330083
0.14072335591929772
0.14073278749760096
0.14074222928408528
0.14075164330149106
0.1407610688631574
0.1407704710879502
0.14077987510859463
0.1407892524912317
0.140798639716198
0.14080799949494466
0.14081736922011626
0.14082671122149562
0.14083606320087075
0.14084538737300628
0.14085472141709093
0.14086402757839958
0.1408733434899949
0.14088263143770652
0.14089192902747533
0.1409011985794571
0.14091047767298367
0.14091972866690175
0.1409289904953907
0.14093822861373184
0.14094746795320173
0.14095668027736283
0.14096590172199155
0.14097509530204166
0.1409842980690561
0.14099347267073
0.14100265647106058
0.1410118120096717
0.14102097664043942
0.14103011293587311
0.1410392582101244
0.14104837507969356
0.14105750083166238
0.14106659811421085
0.1410757041936352
0.14108478175643874
0.14109386938715857
0.14110293288032819
0.14111199696140292
0.14112103362607445
0.14113007870605027
0.14113909553318676
0.14114812085577202
0.14115711764017394
0.14116612294313396
0.1411750996212404
0.14118408472369676
0.1411930411376276
0.14120200587443746
0.14121094186431615
0.141219886091868
0.1412288015164311
0.14123772510468427
0.14124661985289957
0.14125552401000566
0.14126440369752294
0.14127328344042947
0.14128213545433868
0.14129099528087988
0.1412998265524514
0.14130866572791823
0.14131747607520975
0.14132629435891897
0.14133508373588838
0.1413438809650141
0.1413526492316821
0.14136142525875217
0.141370172273217
0.14137892697211543
0.1413876526095023
0.14139638586651201
0.14140509003249915
0.14141380175418536
0.14142248434919666
0.14143117571935476
0.14143984234291107
0.14144850850884197
0.14145714668854287
0.1414657921348665
0.1414744088140739
0.14148303288874906
0.14149162794676054
0.14150023045325363
0.14150880387884682
0.14151738467398242
0.14152593633427207
0.1415344952724494
0.14154302501848565
0.14155156196522845
0.14156006967049406
0.1415685845075925
0.14157707006624137
0.1415855639291395
0.14159403286655517
0.14160250099301736
0.14161094094778612
0.1416193877020972
0.14162780546821072
0.1416362301355613
0.14164462555166704
0.14165302791078352
0.1416614009483474
0.14166978085465967
0.141678131391379
0.14168648871628892
0.14169481662811728
0.14170315126415592
0.14171145644804137
0.14171976830280203
0.14172805068350006
0.14173634088238143
0.1417446059650801
0.14175286987207886
0.14176110542961817
0.14176934736536986
0.14177756014723844
0.14178577942236645
0.14179396929491975
0.14180216571339205
0.14181033266821713
0.14181850610633245
0.14182665004214523
0.1418348003917501
0.14184292120570827
0.1418510483797154
0.1418591459867842
0.1418672499109007
0.1418753242551636
0.14188340603355803
0.1418914625944995
0.14189951770876638
0.14190754437759287
0.14191557709695057
0.14192358057468457
0.14193159022740512
0.14193957039955532
0.14194755680688384
0.14195551367106396
0.14196347671109286
0.141971410194122
0.1419793498222543
0.14198725989349362
0.1419951760819548
0.1420030626977853
0.14201095539821337
0.14201881851663756
0.1420266876784873
0.14203452723624427
0.14204237391277835
0.1420501953588938
0.14205801513365368
0.14206580643038913
0.14207360349616932
0.14208137128568127
0.14208914496637123
0.142096889124891
0.14210463923427813
0.14211235976794567
0.14212008619612648
0.14212778301544787
0.14213548566818604
0.14214315868094907
0.14215083748347637
0.1421584866246541
0.14216614152106968
0.14217376674718235
0.14218139877077143
0.14218900550074623
0.14219661036414982
0.14220418669762694
0.14221176854784262
0.14221932108250585
0.1422268792708665
0.14223440791555367
0.14224194228474665
0.14224944706526704
0.14225695752686687
0.14226443837643854
0.142271924857462
0.142279381707349
0.14228684415482185
0.14229427695588473
0.14230171533053865
0.1423091240597783
0.14231653937232452
0.14232392942830308
0.14233131750809108
0.14233867709230352
0.14234604203587115
0.14235337770499853
0.1423607188791344
0.14236803055999261
0.14237534782304762
0.1423826355528082
0.14238992882864604
0.1423971925531848
0.14240446179770122
0.14241170150947594
0.142418946746062
0.14242616247087678
0.1424333837273929
0.14244057549400863
0.14244777377403575
0.14245494696745772
0.14246211821023308
0.1424692611135168
0.14247640934706463
0.1424835284576869
0.1424906530408551
0.14249774827868975
0.14250484906111288
0.14251192045245442
0.1425189973486599
0.1425260448311962
0.14253309777328688
0.14254012128573493
0.14254715022828104
0.1425541497269884
0.14256115463740376
0.14256813010873345
0.14257511097470416
0.14258206240079113
0.1425890201552592
0.14259595289968088
0.14260288359574136
0.14260978601071997
0.1426166936287357
0.14262357219408517
0.14263045611732328
0.14263731077279285
0.142644170871565
0.14265100167125253
0.1426578378851112
0.14266464478819915
0.1426714570712172
0.14267824003309218
0.14268502835683028
0.14269178735771829
0.14269855171047152
0.14270528675002164
0.14271202803620348
0.14271874444622062
0.1427254588333236
0.14273214506820012
0.14273883647930957
0.14274549897102476
0.14275216680102387
0.14275880550646694
0.14276544963966448
0.14277206461896433
0.14277868500329385
0.14278527622585122
0.14279187282475284
0.142798440258034
0.1428050130540287
0.14281155668029075
0.14281810566503556
0.1428246255105387
0.14283115159412696
0.1428376530125405
0.1428441525022199
0.14285062404307325
0.1428571008166486
0.14286354887517805
0.14287000232925606
0.14287642686244764
0.14288285687647045
0.14288925793441762
0.14289566444669724
0.14290204198973858
0.142908424954835
0.1429147789432588
0.1429211383368872
0.14292746874872878
0.14293380455941676
0.14294011140111584
0.14294642445472663
0.14295271300915696
0.14295899967688117
0.14296525853341102
0.14297152262165902
0.14297775813312863
0.142983999045051
0.1429902111819996
0.14299642881233296
0.1430026176402425
0.1430088119447463
0.14301497744226244
0.14302114839392147
0.14302729053998015
0.14303343813247932
0.1430395569216966
0.14304568115958927
0.1430517766142913
0.1430578775205622
0.14306394965766803
0.14307002802562804
0.14307608213849426
0.14308213446361906
0.14308815919586662
0.1430941892382848
0.14310019092924936
0.1431061981064478
0.14311217673525184
0.14311816095039787
0.14312411659808966
0.14313007781997653
0.143136010475192
0.1431419486876988
0.14314785833554677
0.14315377353928463
0.14315966018850623
0.1431655523997128
0.14317141607729877
0.14317728605382263
0.1431831320224845
0.1431889763196827
0.14319479319396833
0.14320061543340132
0.14320640949985636
0.14321220912403754
0.14321798039556652
0.14322375733323023
0.14322950590201233
0.143235260128772
0.14324098598675913
0.14324671748500997
0.14325242061574786
0.1432581293817552
0.14326380978351846
0.14326949582377407
0.14327515351798104
0.14328081754176983
0.14328645776256738
0.14329209646006108
0.1432977079752925
0.14330332498420847
0.1433089140497649
0.14331450878901583
0.1433200753949235
0.1433256477744971
0.1433311919991834
0.14333674198964755
0.1433422638270176
0.14334779141747298
0.14335329086245638
0.1433587960627117
0.14336427312695788
0.143369755958307
0.14337521068006928
0.14338067182649689
0.14338610943756147
0.14339154570095253
0.14339695503162506
0.14340237000784747
0.14340775729601202
0.1434131504178187
0.1434185156687955
0.14342388685918672
0.14342923016213108
0.14343457940261697
0.1434399007621323
0.14344522805197
0.14345052747302223
0.14345583283127092
0.14346111033340048
0.14346639378877082
0.14347164941762933
0.14347691101603374
0.14348214481116472
0.14348738519506823
0.1434926023961979
0.14349781847939194
0.14350300794712464
0.1435082032749248
0.14351337120095692
0.14351854513285267
0.1435236914675964
0.1435288439256846
0.143533968786193
0.1435390997785749
0.14354420318786063
0.1435493127266281
0.1435543946920364
0.14355948279470396
0.14356454333792243
0.14356961003077578
0.14357464918683452
0.14357969506279855
0.14358471803197217
0.14358974009034922
0.14359473578360651
0.14359973750126553
0.143604712095072
0.14360969290258616
0.14361464640122273
0.14361960621844752
0.1436245387094638
0.14362947751718866
0.14363438900449885
0.14363930680247333
0.14364419729058017
0.1436490940981289
0.14365396360980762
0.14365883945850452
0.1436636880403237
0.1436685434937741
0.14367337634183824
0.14367820850336901
0.14368301457919122
0.14368782688381093
0.14369261234782707
0.14369740423673097
0.14370216910652858
0.14370694051053368
0.1437116848815456
0.14371643579002524
0.1437211596750624
0.14372589009610187
0.14373059350861275
0.14373530346967495
0.1437399864382861
0.14374467597668972
0.14374933853135607
0.14375400812133823
0.14375865541452185
0.14376330225980716
0.1437679233114765
0.1437725508170913
0.14377715177928296
0.14378175939636167
0.14378634029315074
0.14379092795293844
0.14379548887554058
0.1438000565616983
0.14380459751612043
0.143809145229129
0.14381366622128383
0.14381819398082726
0.1438226950309752
0.1438272028664332
0.14383168402090885
0.14383617197935475
0.1438406332794579
0.14384510183680363
0.14384954847232392
0.14385399492472717
0.1438584159051119
0.14386284358462198
0.14386724503554452
0.14387165338430316
0.1438760353219264
0.14388042426796194
0.14388478679162767
0.1438891563273019
0.14389349945099342
0.14389784958707494
0.1439021733233736
0.14390650408741776
0.1439108084716778
0.143915119906065
0.1439194049909054
0.1439236975401876
0.14392796849739548
0.14393223955368736
0.14393648544714407
0.14394073829299942
0.14394496521988914
0.1439491993015518
0.14395340728731884
0.14395762253907576
0.14396181168260241
0.1439660080818065
0.1439701783617544
0.1439743558959621
0.14397850733195475
0.14398266604513035
0.14398679868355208
0.14399093862642112
0.14399505252805603
0.1439991741090107
0.14400327443374242
0.1440073751288814
0.14401145096446383
0.14401553400150813
0.14401959141757228
0.14402365623537103
0.14402769525306547
0.1440317417799472
0.14403576249015546
0.14403979071341208
0.1440437931279181
0.14404780305555476
0.14405178718815587
0.14405577884805298
0.1440597447280208
0.14406371815809638
0.14406766583924793
0.14407162140539517
0.14407555603801436
0.14407949130404843
0.14408340200465639
0.14408732015484096
0.14409121297909522
0.14409511345719475
0.14409898843351232
0.14410287117358778
0.14410672839738722
0.14411059339186671
0.14411443288026707
0.14411828014230849
0.14412210191445465
0.14412593147683586
0.14412973556585423
0.14413354747012913
0.14413733393369252
0.1441411282377292
0.14414489712741424
0.14414867415478602
0.14415243063440644
0.14415618804714517
0.14415992123862348
0.14416366216100918
0.14416737808067062
0.14417110193325852
0.14417480060741894
0.1441785073318262
0.1441821888713491
0.1441858784705906
0.1441895428973356
0.14419321538739266
0.1441968627166561
0.14420051812545584
0.14420414839128273
0.14420778675861914
0.14421140001013252
0.14421502161697836
0.14421862299089927
0.14422222557673592
0.14422580422895837
0.14422939087782172
0.1442329528280599
0.14423652297979672
0.144240068253754
0.14424362183742653
0.14424715052761175
0.1442506875332317
0.14425419965416683
0.1442577200931078
0.14426121566089886
0.14426471956325831
0.1442681986108882
0.14427168601745866
0.14427514859968707
0.14427861975897174
0.14428207100887708
0.14428552374566114
0.14428895284362156
0.1442923902008639
0.14429580315374818
0.14429922457341351
0.1443026214119132
0.1443060268260808
0.1443094076433772
0.14431279704356686
0.14431616185626947
0.14431953525564473
0.14432288408249494
0.1443262415133058
0.14432957438749386
0.14433291589086703
0.14433623286869132
0.14433955865715525
0.1443428648512345
0.1443461727942315
0.1443494573777024
0.1443527504731841
0.1443560194462291
0.14435929714351606
0.1443625505440808
0.1443658127782036
0.14436905069892203
0.14437229745950064
0.1443755199139629
0.14437875121013624
0.14438195821284008
0.14438517407208906
0.14438836565057517
0.14439156610847537
0.14439474231414795
0.1443979274224279
0.14440108830097684
0.14440425822408728
0.1444074089124504
0.14441056164109
0.14441369132961016
0.14441682981767623
0.1444199444955444
0.14442306818073442
0.1444261678725053
0.1444292766795032
0.14443236147822308
0.14443545539757713
0.1444385253172619
0.14444160436103645
0.1444446594159063
0.1444477236126915
0.1444507638386907
0.14445381323087997
0.14445683868006468
0.14445987340097433
0.14446288919493339
0.1444659073147253
0.14446890267898518
0.14447190710749536
0.144474888008919
0.14447787818408359
0.1444808446525776
0.1444838205018392
0.14448677262718068
0.14448973413962235
0.1444926719360588
0.14449561912315323
0.14449854257081426
0.14450147537407668
0.1445043844329503
0.14450730286839328
0.14451019759016076
0.1445131017615065
0.144515987268231
0.14451887532541277
0.14452174085986322
0.14452461567310262
0.14452746718915802
0.14453032819332765
0.14453316572003108
0.1445360128394832
0.1445388364612088
0.14454166968044024
0.14454447940760232
0.14454729873423688
0.14455009458028173
0.14455290004126986
0.1445556820342445
0.14455847366552108
0.14456124185650254
0.1445640197195542
0.14456677921830846
0.1445695415295725
0.14457228158543295
0.1445750311718612
0.14457775772576012
0.14458049402045428
0.14458320710298292
0.14458593003135928
0.1445886297278522
0.14459133927654494
0.1445940256003223
0.14459672178013994
0.14459939474840453
0.14460207758994678
0.14460473723362832
0.14460740677567813
0.14461005314905157
0.1446127094460672
0.14461534259738595
0.14461798567227135
0.14462061072910798
0.14462323888330805
0.14462584507295922
0.14462846106447708
0.14463105430796633
0.14463365756558455
0.14463623789311805
0.144638828343071
0.144641395847654
0.14464397348076968
0.1446465281759725
0.1446490930030366
0.14465163490083824
0.14465418694710716
0.14465671607933428
0.1446592553824322
0.14466177179588452
0.14466429834264166
0.14466680714437216
0.14466931930213203
0.14467180975639768
0.14467431026966282
0.14467678829732783
0.14467927659421587
0.14468174222196117
0.14468421822175637
0.14468667153113668
0.1446891352168838
0.14469157621730114
0.14469402759648925
0.14469645630044098
0.14469889539914732
0.14470131183536455
0.14470373868950684
0.14470614290723433
0.14470855747267702
0.14471095457643654
0.14471335529032398
0.14471573455482895
0.14471812412552568
0.14472049146254778
0.1447228693169007
0.14472522475475724
0.1447275908120586
0.14472993443038845
0.14473228867260354
0.14473462048040278
0.14473696291441399
0.14473928292449786
0.14474161357636492
0.1447439218045173
0.14474624068167075
0.14474853715600808
0.1447508441767376
0.14475313400099324
0.1447554276727088
0.14475770013126996
0.14475998312734223
0.1447622441233456
0.14476451586779326
0.14476676542810302
0.14476902583694382
0.14477126403689214
0.14477351308821507
0.14477573993325485
0.14477797763045475
0.14478019313043394
0.14478241949660367
0.14478462367492623
0.1447868387411013
0.14478903164409265
0.14479123545686995
0.1447934171250756
0.1447956095661899
0.14479778511579625
0.1447999647635079
0.14480212345927732
0.1448042929491776
0.14480644069781348
0.14480859945142951
0.14481073627416913
0.144812884202578
0.14481501017825224
0.14481714726169584
0.14481926239595505
0.14482138863935168
0.14482349293964777
0.14482560836439173
0.14482770185914948
0.14482980649965593
0.14483188923250415
0.1448339829417582
0.14483606001443688
0.14483814143444743
0.14484020213525048
0.1448422738631449
0.14484432407984033
0.14484638553475368
0.1448484252805462
0.1448504763482209
0.1448525056763781
0.14485454632806719
0.14485656524345564
0.14485859548423988
0.14486060399692377
0.14486262384955448
0.14486462198400837
0.144866631479124
0.14486861927843117
0.14487061823702954
0.14487260079786693
0.14487458792172647
0.1448765545353164
0.14487853238511517
0.14488048892860372
0.14488245691848906
0.1448844034138163
0.14488636145219727
0.14488829796846725
0.1448902460287031
0.14489217256743178
0.14489411064971974
0.144896027217393
0.14489795534154878
0.1448998619589972
0.14490178015316726
0.14490367686304378
0.14490558491845312
0.14490747681686295
0.14490937349756042
0.14491124988081067
0.14491313771583994
0.14491500445546696
0.1449168828578548
0.14491873997668753
0.1449206088544738
0.1449224564205521
0.14492431574651907
0.14492615376108192
0.14492800353507732
0.14492983200458706
0.14493167224617573
0.14493349119039517
0.14493532192660757
0.14493713138746395
0.14493895266033271
0.14494075266382295
0.14494256420289808
0.1449443598418881
0.14494616047371153
0.14494794102482067
0.1449497332480596
0.1449515045911752
0.14495328781752698
0.14495504996974773
0.14495682410111682
0.14495857713190105
0.1449603421405734
0.14496208604835303
0.14496384193247647
0.14496557671806684
0.14496732349224475
0.14496904917720674
0.14497078686888404
0.14497250348980212
0.14497423182455016
0.14497594447892592
0.1449776623458336
0.14497936033024367
0.14498107019086323
0.14498275936594662
0.14498446062783193
0.14498614101209759
0.14498783357725334
0.1449895052354299
0.1449911890735439
0.14499285200356374
0.14499452711184652
0.14499618131627137
0.1449978477106268
0.14499949320788832
0.14500115091346613
0.1450027877415613
0.1450044364567668
0.14500606971162233
0.14500770838220542
0.14500932736337965
0.14501095842030193
0.14501256898186057
0.14501419182969716
0.14501579398995848
0.14501740852915865
0.1450190023495916
0.1450206085473713
0.14502219402414207
0.145023791866491
0.1450253689783223
0.14502695846083483
0.1450285272163447
0.14503010836024233
0.14503166879682222
0.14503324127304998
0.14503479848634815
0.14503636129625236
0.14503790458710944
0.14503946013151744
0.1450409953479922
0.14504254302815914
0.14504407018717308
0.14504560990104792
0.14504712906104208
0.1450486607734204
0.14505017192862596
0.1450516956330133
0.1450531987838276
0.14505471449378515
0.14505620965409424
0.14505771739070444
0.1450592045964104
0.14506070439581611
0.14506218367704052
0.14506367517417004
0.14506515164291547
0.1450666339018238
0.14506809683752447
0.14506957223122882
0.1450710274911021
0.1450724954192441
0.14507394301491197
0.14507540337035849
0.1450768433631533
0.1450782961120287
0.14507972849541603
0.14508117363164424
0.14508259840253107
0.14508403593674518
0.14508545311263868
0.14508688306804857
0.14508829268109188
0.14508971466830778
0.1450911218172379
0.14509253495146635
0.1450939289337426
0.14509533554680715
0.14509672218109979
0.14509812165040192
0.14509950094231028
0.14510089315836652
0.14510226516379793
0.14510365008977952
0.1451050148012355
0.1451063924294137
0.14510774984454355
0.14510912018567101
0.14511047031757743
0.14511183339118025
0.14511317627197415
0.14511453166251764
0.14511587238872992
0.1451172192615653
0.14511854713085523
0.1451198877986217
0.14512120864636918
0.14512254250241147
0.14512385634161043
0.1451251832773261
0.14512649016113094
0.14512781013703366
0.14512911005592594
0.1451304230623101
0.14513171601321173
0.14513302206019815
0.14513430805421
0.14513560715980084
0.14513688622900306
0.14513817795270775
0.14513945519414842
0.1451407387521228
0.14514200346387085
0.14514328114265967
0.14514453915649084
0.14514581034733934
0.14514706167600472
0.14514832626900992
0.14514957096377137
0.14515082891798628
0.145152066968172
0.14515331827268602
0.1451545496743754
0.1451557943383078
0.14515701910085355
0.14515825713201308
0.14515947526513165
0.14516070667598896
0.14516191819637647
0.14516314251008608
0.14516435253089396
0.1451655690208934
0.1451667668172977
0.14516797774536833
0.14516916915916916
0.14517037391434012
0.14517155895221698
0.14517275741862484
0.14517393613372642
0.14517512827075146
0.14517630065068426
0.14517748644694503
0.14517865248355433
0.14517983194459486
0.1451809916503067
0.14518216479421178
0.14518331819601127
0.1451844845275265
0.1451856367272224
0.14518679556607797
0.1451879358556785
0.14518908943482456
0.14519022364161982
0.14519137134772786
0.14519249948082438
0.14519364119894998
0.14519476330735076
0.1451958989943797
0.14519701506497681
0.1451981447081662
0.14519925473393847
0.14520037833949992
0.14520148232914823
0.1452025999121752
0.14520369789330687
0.14520480893530713
0.14520590600849057
0.14520700987476903
0.14520809533126441
0.14520919422947748
0.1452102738917739
0.14521136719653255
0.14521244105146264
0.14521352862676273
0.14521459671085263
0.1452156785069891
0.14521674080374536
0.1452178168057571
0.14521887330760178
0.1452199435213333
0.14522099423517526
0.14522205867427096
0.14522310362761975
0.14522416175069644
0.14522520604474182
0.14522625726270913
0.14522729018768313
0.1452283366845902
0.14522936406012377
0.1452304052169573
0.14523142705102482
0.14523246274977
0.1452334790863265
0.1452345092801219
0.14523552010349378
0.14523654477702552
0.14523755007914652
0.14523856923745862
0.14523956902370902
0.14524058267902068
0.1452415769760626
0.14524258515525057
0.14524357398395854
0.14524457611524696
0.145245564594647
0.14524656014173204
0.14524753753827596
0.14524852866336946
0.1452495008077
0.1452504868897041
0.14525145378390142
0.1452524346990677
0.14525339638913462
0.14525437209107023
0.14525532855969983
0.14525629903261505
0.14525725026743133
0.14525821551255896
0.1452591615137475
0.14526012152488352
0.14526106229684546
0.14526201647344314
0.14526295711838982
0.14526390496299785
0.14526483476245675
0.14526577841123092
0.145266703182585
0.14526764201262696
0.14526856176078756
0.14526949564972927
0.14527041041699426
0.14527133931624803
0.14527224908480965
0.14527317297739803
0.14527407773615933
0.14527499662418614
0.14527589637774693
0.1452768102720948
0.14527770504375115
0.14527861333210954
0.14527950822783048
0.1452804104561494
0.14528129475710305
0.14528219303941897
0.14528307255930006
0.1452839662695117
0.14528484101261263
0.145285730026795
0.14528660003241883
0.14528748429979685
0.14528834954875092
0.14528922905092367
0.14529008953175077
0.14529096427038812
0.14529181998572502
0.14529268997004163
0.1452935409428458
0.1452944055394854
0.14529525687627604
0.14529611567196074
0.1452969566517626
0.1452978117389891
0.1452986481728491
0.14529949892280702
0.14530033081401886
0.14530117710092674
0.14530200447859978
0.1453028462299547
0.14530366905514103
0.145304506241626
0.14530532449707034
0.14530615711703557
0.14530697080288885
0.14530779886402345
0.14530860800274908
0.1453094315279952
0.14531023613668584
0.14531105446512127
0.14531185966885912
0.1453126724359385
0.14531346748983542
0.14531427676932768
0.14531506749665946
0.14531587265827978
0.1453166590570967
0.14531745997007967
0.14531824208014135
0.14531903869311497
0.14531981649298023
0.1453206087865551
0.1453213822605121
0.14532217023261368
0.14532293938541682
0.1453237230462826
0.14532448789688635
0.14532526656830594
0.14532603222985382
0.14532680558387842
0.14532756132693483
0.1453283314140612
0.1453290830492401
0.14532984923722037
0.145330596765009
0.1453313589241267
0.1453321023802635
0.14533286045654584
0.14533359981861818
0.1453343537909616
0.14533508904392986
0.1453358389104807
0.14533657005497852
0.14533731582251852
0.14533804287759702
0.14533878384831916
0.14533951192579442
0.14534024780025318
0.14534096614844305
0.14534169893807428
0.14534241335419923
0.14534314241816818
0.14534385289931348
0.14534457810524953
0.14534528468402905
0.14534600597615857
0.14534670862946011
0.14534742598610254
0.14534812469944822
0.14534883811929142
0.1453495328923633
0.14535024238154173
0.14535093323408357
0.14535163807674897
0.1453523301223174
0.1453530300645852
0.145353712569805
0.14535440962336346
0.1453550883943528
0.14535578192216064
0.14535645695886534
0.14535714682911088
0.1453578181632955
0.14535850431921868
0.145359171926821
0.1453598543456362
0.145360518211437
0.14536119689102373
0.14536185701327173
0.145362531958451
0.14536318835612969
0.14536385958609976
0.14536451227244135
0.14536517904497429
0.14536583315125018
0.14536649525609568
0.14536714002375475
0.1453677994553277
0.14536844070233682
0.1453690968212702
0.14536973454141405
0.14537038720995993
0.1453710214367471
0.14537167059835374
0.1453723013058636
0.14537294692949607
0.14537357407884563
0.14537421614043006
0.14537483972256177
0.1453754782229643
0.14537609825002695
0.14537673243052565
0.14537735402181143
0.14537798370507715
0.1453785961179442
0.14537922327837602
0.14537983231976495
0.14538045631733182
0.145381061984653
0.1453816826839552
0.14538228500804198
0.14538290235123538
0.14538350130650382
0.14538411526974093
0.1453847108385837
0.1453853214174588
0.14538591359799527
0.14538652079671655
0.14538710960536258
0.14538771265002473
0.14538830320638402
0.14538890195308074
0.14538948351232472
0.14539007991721
0.14539065828336298
0.1453912517032614
0.14539182687304922
0.14539241717112406
0.14539298917253074
0.14539357628880775
0.1453941450948663
0.14539472900403252
0.1453952945966881
0.1453958752938162
0.14539643766914512
0.1453970151566678
0.1453975743306171
0.14539814781718183
0.14539870890986015
0.1453992782842754
0.14539983054782307
0.14540039774880853
0.14540094697791633
0.1454015113405548
0.1454020575128719
0.14540261888862444
0.14540316202446898
0.14540372034880855
0.1454042604187432
0.14540481566501082
0.14540535265077903
0.1454059048142448
0.1454064387117552
0.14540698779492642
0.14540751862079718
0.14540806464052924
0.14540859240565931
0.14540913454738785
0.14540966439081454
0.14541020258438622
0.14541072373413125
0.14541125990434794
0.14541177817612938
0.145412311676305
0.1454128270611158
0.1454133577483213
0.1454138702752785
0.14541439808960874
0.14541490773016122
0.14541543264596246
0.14541593937849595
0.14541646138774458
0.14541696521101985
0.14541748431781465
0.14541798524450156
0.14541850062087341
0.1454190037783129
0.14541951538286974
0.14542001001401844
0.145420519752527
0.14542101166129937
0.14542151888529736
0.1454220080650299
0.1454225126327168
0.14542299910863088
0.14542350095751017
0.14542398470003567
0.1454244838026715
0.14542496479076614
0.1454254611323201
0.1454259393427955
0.1454264329069713
0.14542690834304747
0.1454273982805041
0.1454278760655639
0.14542836236290096
0.1454288317371115
0.14542931628416175
0.14542978304985568
0.1454302651964412
0.14543072934776577
0.1454312089522721
0.1454316705132287
0.14543214751259995
0.14543260645375072
0.14543308082055717
0.1454335371218516
0.14543400884916444
0.14543446250469255
0.14543493159287063
0.14543538261642072
0.14543584820717936
0.14543630172689287
0.14543676383876664
0.14543720909324173
0.14543766960134383
0.14543811239189466
0.1454385706438237
0.14543901096376124
0.14543946681641923
0.1454399046877985
0.145440358076575
0.1454407934687655
0.14544124436507536
0.14544167725733498
0.14544212565354367
0.14544255603864467
0.1454430019338903
0.14544342982491854
0.14544387323251
0.14544429863684588
0.14544473867552382
0.14544516673865193
0.14544560346300187
0.1454460233978373
0.14544645866938338
0.14544687628947922
0.14544730945344275
0.14544772473914092
0.1454481556292622
0.14544856858784558
0.14544899713032644
0.14544940772401646
0.14544983388690463
0.14545024208964674
0.145450665861581
0.14545107166951016
0.1454514930523693
0.1454518964761591
0.14545231457863977
0.14545272075381402
0.1454531356576093
0.14545353381368745
0.14545394736476355
0.1454543433054476
0.14545475484903672
0.14545514856540778
0.1454555579553659
0.14545594946905846
0.14545635664016526
0.14545674591950367
0.14545715084260255
0.14545753786499618
0.14545794053073144
0.14545832528939426
0.1454587256969225
0.14545910820306138
0.1454595054468835
0.145459890834964
0.14546028502282576
0.14546066251967185
0.1454610554826919
0.1454614308896663
0.1454618219702283
0.14546219527786905
0.1454625843286556
0.1454629555559923
0.14546334250980447
0.1454637116238595
0.14546409645010328
0.14546446342782224
0.1454648461165975
0.1454652109491336
0.14546559149778732
0.14546595419583314
0.14546633167771456
0.14546669735864784
0.14546707189094985
0.14546742976875168
0.14546780316299268
0.1454681590348059
0.1454685306298662
0.14546888448535494
0.14546925413329223
0.1454696059909035
0.14546997362459885
0.14547032345193556
0.14547068904146462
0.1454710368166074
0.1454714003531724
0.1454717460677367
0.14547210754921414
0.14547245121491417
0.14547281065322934
0.14547315227606683
0.14547350873156153
0.14547385346517988
0.14547420710632006
0.14547454415041242
0.14547489678407194
0.14547523195289072
0.14547558291861717
0.14547591619745967
0.1454762653425334
0.1454765967521665
0.14547694401004205
0.1454772735164688
0.14547761885675084
0.14547794643392326
0.14547828984412922
0.1454786154863219
0.14547895696595362
0.14547928068112656
0.1454796192805297
0.14547994621075125
0.1454802821208028
0.14548060148075403
0.14548093649269708
0.145481254085312
0.1454815875371552
0.14548190335007022
0.1454822350903722
0.14548254914064943
0.14548287909425175
0.14548319133120435
0.1454835194508281
0.14548382984018018
0.14548415610848756
0.1454844646379038
0.1454847890500789
0.1454850957278235
0.14548541732207484
0.1454857272902784
0.1454860462822017
0.1454863487545872
0.14548666692380205
0.1454869677028958
0.14548728438641345
0.1454875834610418
0.14548789850800226
0.14548819589434664
0.14548850923542458
0.14548880489890254
0.1454891165022146
0.14548941041861008
0.14548972027311943
0.14549001243248674
0.14549032053439193
0.14549061094622412
0.1454909163217813
0.14549121012904684
0.14549151301756516
0.1454917994310532
0.14549210159965123
0.14549238642082138
0.1454926872043482
0.14549297042126005
0.14549326966764106
0.14549355129482838
0.14549384893344858
0.14549412893536476
0.1454944249333739
0.14549470328526387
0.14549499763104917
0.1454952743217602
0.14549556701039004
0.14549584204878482
0.1454961330893697
0.14549640647867493
0.14549669487740288
0.14549697177130658
0.145497257781354
0.14549752734947274
0.14549781271827417
0.1454980807692078
0.14549836482656492
0.14549863134116023
0.14549891392933106
0.14549917892476882
0.14549945997484698
0.14549972341560055
0.14550000289615006
0.1455002647553621
0.14550054265312282
0.14550080292428713
0.1455010792379201
0.14550133792808492
0.14550161165700293
0.1455018739162817
0.1455021453511907
0.1455024003816309
0.14550267126669264
0.1455029248728839
0.14550319454114435
0.14550344670924686
0.145503715006139
0.1455039657507882
0.14550423260557427
0.1455044818906435
0.1455047472703525
0.14550499506970144
0.1455052589614496
0.14550550526478936
0.14550576766410311
0.14550601247887363
0.14550627237367955
0.1455065208488797
0.1455067785506673
0.145507019885959
0.145507277126953
0.1455075171249664
0.14550777323563402
0.14550801188205942
0.1455082667068129
0.1455085040138049
0.14550875747998257
0.14550899341012982
0.14550924547766766
0.14550947998979552
0.1455097306311404
0.14550996370453892
0.14551021290848243
0.14551044454747147
0.14551069128918168
0.14551092664298595
0.1455111712556686
0.14551139952227393
0.1455116437284385
0.1455118707112302
0.14551211384109405
0.14551233952685416
0.14551258142549406
0.1455128058265541
0.14551304642177362
0.1455132695014544
0.145513508759528
0.14551373049229155
0.1455139684008318
0.14551418877476846
0.14551442532802605
0.1455146443511236
0.14551487955735326
0.14551509723201397
0.14551533005029338
0.14551555154420576
0.14551578233609785
0.14551599682231553
0.14551622730137354
0.1455164405959795
0.14551667009035593
0.1455168821741197
0.1455171105232824
0.14551732141045073
0.14551754854271426
0.14551775819514526
0.14551798407655517
0.14551819246490627
0.14551841707968172
0.14551862419492295
0.14551884753918623
0.14551905338582083
0.1455192744114364
0.14551948414555
0.14551970323133204
0.1455199060357354
0.14552012486806004
0.14552032653391891
0.14552054443138968
0.14552074493697473
0.14552096173793364
0.14552116109301805
0.145521376723571
0.1455215748900573
0.14552178931600826
0.1455219862669398
0.1455221994747779
0.14552239519934296
0.14552260718405674
0.1455228016891069
0.1455230113941245
0.14552320983635653
0.14552341766073718
0.14552360922798444
0.14552381686330615
0.14552400736043156
0.14552421413280572
0.14552440354426563
0.14552460929543318
0.14552479763135573
0.14552500228724347
0.14552518950926793
0.14552539303480078
0.1455255791157692
0.14552578149702297
0.14552596642415572
0.14552616765438836
0.14552635143412063
0.1455265504462473
0.14552673823545195
0.14552693544736314
0.14552711643126306
0.14552731352459283
0.1455274935073493
0.14552768980644687
0.145527868771991
0.1455280641176769
0.14552824207472745
0.14552843639180185
0.14552861330114053
0.1455288065536259
0.14552898238759232
0.14552917456101955
0.145529349305658
0.14552954038678834
0.145529714034019
0.1455299040153709
0.14553007655727773
0.14553026434918317
0.14553044095661208
0.1455306270009812
0.14553079683392448
0.14553098280514082
0.1455311516817016
0.14553133690373823
0.14553150480371146
0.14553168911377623
0.1455318560497791
0.14553203937515197
0.14553220530842875
0.14553238761477547
0.1455325525156959
0.14553273378692713
0.14553289764613153
0.14553307787799422
0.14553324069956985
0.14553341880295526
0.14553358575045017
0.14553376218510503
0.14553392243572127
0.14553409886528781
0.14553425822675659
0.14553443397437393
0.14553459242909042
0.1455347673336135
0.14553492489087091
0.1455350988774024
0.14553525549778776
0.14553542853058668
0.14553558418540488
0.1455357562437906
0.14553591090665155
0.14553608197023032
0.14553623563779003
0.1455364046034809
0.1455365624354388
0.14553672977838383
0.14553688094989675
0.14553704832473058
0.1455371986428749
0.1455373653718174
0.14553751482020244
0.14553768074294082
0.14553782933025156
0.14553799437179238
0.14553814205910975
0.14553830618400343
0.1455384529438333
0.14553861613777744
0.14553876195692764
0.14553892421267103
0.14553906909697484
0.14553922930828367
0.14553937842157985
0.14553953708287892
0.1455396795992409
0.14553983835683673
0.14553998008280228
0.1455401382570656
0.14554027917539852
0.14554043660473753
0.14554057672233248
0.1455407333302573
0.14554087260701037
0.14554102835689975
0.14554116676460696
0.14554132164147043
0.14554145916196745
0.14554161314782862
0.14554174977694834
0.14554190287159724
0.14554203860554754
0.14554218968419258
0.1455423297024806
0.14554247928254865
0.14554261273470234
0.1455427624563841
0.1455428951627328
0.14554304434575216
0.14554317628449312
0.14554332476314488
0.14554345594448062
0.1455436036441348
0.14554373402778345
0.1455438809128078
0.14554401046794924
0.14554415652107422
0.14554428523717464
0.14554443045294954
0.14554455833287452
0.1455447015844642
0.14554483379785
0.1455449756168424
0.1455451013295074
0.14554524334564883
0.14554536836716558
0.1455455098992081
0.14554563421027777
0.14554577509419678
0.14554589870178736
0.14554603886086712
0.14554616172413393
0.14554630112143258
0.14554642321058106
0.14554656182960837
0.14554668313079222
0.14554682095969698
0.14554694146699154
0.14554707736152173
0.14554720223765935
0.14554733674067877
0.14554745514786216
0.1455475898796937
0.1455477076258451
0.14554784190363268
0.14554795897010073
0.14554809263026594
0.14554820902313273
0.1455483419886551
0.1455484576674124
0.1455485899015256
0.14554870483749544
0.14554883632476184
0.1455489505036586
0.14554908123571172
0.1455491946622242
0.14554932349702515
0.14554944134091677
0.14554956884111608
0.1455496802654927
0.14554980804538475
0.14554991885874535
0.14555004623457538
0.14555015641813776
0.14555028322565586
0.14555039278420367
0.14555051894529222
0.14555062783746434
0.1455507533144688
0.14555086151112612
0.1455509862881513
0.1455510937739691
0.14555121784172778
0.14555132462101658
0.14555144798411504
0.1455515540519572
0.14555167554323353
0.1455517860764286
0.1455519062740828
0.14555201040753882
0.14555213091807
0.14555223447240384
0.14555235461048346
0.14555245756186005
0.14555257715898479
0.14555267951555226
0.14555279849567443
0.14555290021619566
0.14555301854300404
0.14555311959611342
0.14555323725181193
0.14555333762645306
0.14555345460503727
0.1455535543034844
0.14555366944465634
0.1455537736426717
0.14555388754300633
0.14555398539622583
0.1455540996556424
0.1455541969759914
0.14555431090965343
0.14555440767670413
0.1455545211183921
0.1455546173374285
0.14555473020919574
0.14555482583848753
0.14555493810271336
0.1455550331118782
0.1455551447515
0.1455552391261336
0.1455553501324043
0.14555544387550653
0.1455555530773278
0.14555565135407558
0.14555575935194898
0.14555585131082033
0.14555595969341073
0.1455560511428222
0.14555615922248807
0.14555625014182974
0.14555635775230524
0.14555644814569152
0.1455565552085785
0.145556645034563
0.14555675151242153
0.14555684074177733
0.1455569466186623
0.1455570352366225
0.14555714050364968
0.1455572285143399
0.1455573319976919
0.14555742457678855
0.14555752690080784
0.1455576132015891
0.14555771595234862
0.14555780178567274
0.14555790427598556
0.14555798962198085
0.14555809168550168
0.1455581765473494
0.1455582781047803
0.14555836244026454
0.14555846345328857
0.14555854723268835
0.14555864768484775
0.14555873089229565
0.14555883077372495
0.1455589134129147
0.14555901272761057
0.14555909479674098
0.14555919235288992
0.14555927903550003
0.1455593754687652
0.14555945588851169
0.14555955277675867
0.14555963275566444
0.145559729409496
0.14555980892214912
0.14555990517062345
0.14555998422329433
0.14556007998898624
0.14556015853943835
0.14556025378526494
0.1455603318014776
0.1455604265090131
0.1455605039793139
0.14556059814192387
0.14556067506793863
0.14556076749510205
0.1455608490581492
0.14556094040474013
0.1455610157509071
0.14556110759013002
0.14556118253361192
0.14556127417728448
0.1455613486965574
0.1455614399764139
0.1455615140751844
0.14556160491210832
0.14556167854779056
0.14556176890349098
0.1455618420451147
0.14556193190195757
0.14556200453456275
0.14556209388321759
0.14556216600919086
0.14556225365272316
0.14556233045202224
0.14556241705372136
0.14556248766280633
0.14556257478061804
0.14556264500702953
0.14556273194775446
0.1455628017681571
0.14556288836236878
0.14556295777854092
0.1455630439461616
0.1455631129154733
0.14556319861819986
0.14556326711073514
0.14556335233201775
0.14556342033246944
0.1455635050628812
0.14556357257481453
0.1455636556119008
0.14556372781641105
0.14556380983992426
0.14556387588116151
0.14556395845195602
0.14556402414309824
0.14556410657085378
0.14556417189103898
0.14556425400752165
0.14556431895849808
0.14556440068335802
0.1455644652221538
0.14556454651649484
0.14556461061288384
0.1455646914597622
0.14556475509741218
0.1455648354864668
0.14556489866854266
0.14556497860324946
0.14556504132744175
0.1455651195913633
0.14556518705490618
0.14556526434284497
0.14556532565759706
0.145565403518171
0.14556546450530128
0.14556554224377447
0.14556560287530168
0.14556568031777345
0.14556574059780453
0.14556581766533738
0.14556587755060882
0.14556595420540253
0.1455660136633539
0.14556608988651412
0.1455661489050496
0.14556622468952518
0.14556628326984597
0.14556635739807802
0.14556642072677642
0.14556649390617882
0.1455665511206569
0.14556662490070615
0.14556668181751817
0.14556675550711526
0.14556681210387062
0.14556688553302688
0.14556694181213756
0.14556701490080493
0.14556707081903442
0.14556714352843905
0.14556719905440735
0.14556727136651723
0.1455673264848787
0.14556739838995256
0.14556745310265612
0.14556752337738485
0.1455675828695349
0.14556765223159557
0.14556770563649857
0.14556777562132392
0.14556782874637567
0.1455678986563431
0.14556795147618437
0.1455680211393126
0.14556807365382857
0.14556814298867835
0.1455681951542853
0.14556826412185897
0.14556831590808653
0.14556838449134746
0.14556843588245302
0.14556850407153366
0.14556855507062658
0.1455686216373468
0.14556867743054924
0.14556874310450468
0.14556879282758106
0.14556885914713277
0.14556890861556132
0.14556897488758366
0.145569024079653
0.14556909013425778
0.1455691390504787
0.14556920480642002
0.1455692534031908
0.14556931882110138
0.14556936706779122
0.14556943213033843
0.1455694800102425
0.1455695447066641
0.14556959222251528
0.14556965655586138
0.1455697037049341
0.14556976643371347
0.14556981841542577
0.14556988027902967
0.1455699261981008
0.14556998872688406
0.14557003440898036
0.14557009690700798
0.14557014232438936
0.14557020461684111
0.14557024977282335
0.14557031178012736
0.14557035663094825
0.14557041831487225
0.1455704628275519
0.1455705241687501
0.14557056833071927
0.14557062932163828
0.1455706731335758
0.14557073253217295
0.14557078118535943
0.14557083974612942
0.14557088236982424
0.1455709416209074
0.1455709840338273
0.1455710432813706
0.14557108546025016
0.14557114453263173
0.14557118647864628
0.1455712452949149
0.14557128696418487
0.14557134548507517
0.14557138684579618
0.14557144505286662
0.1455714860892968
0.1455715439723869
0.14557158468602957
0.14557164099803785
0.14557168657599473
0.14557174207361254
0.1455717816373449
0.14557183783865305
0.14557187720266493
0.1455719334106325
0.14557197255104445
0.14557202859373347
0.1455720675103408
0.14557212330616026
0.14557216195520453
0.145572217464937
0.14557225581565705
0.1455723110219002
0.1455723490581428
0.14557240395055726
0.14557244167491445
0.14557249500203984
0.14557253760510921
0.145572590141213
0.14557262675091406
0.14557268001412815
0.14557271644804237
0.14557276974260158
0.1455728059781715
0.14557285913262935
0.14557289516919655
0.14557294810145435
0.1455729838948126
0.1455730365650435
0.14557307208416537
0.1455731244746587
0.14557315970247744
0.14557321180208385
0.14557324674091848
0.14557329855227796
0.14557333319900018
0.14557338345804444
0.1455734230192015
0.14557347251337813
0.14557350608660508
0.14557355632461963
0.14557358973639653
0.14557364001878623
0.14557367323985013
0.14557372338976218
0.145573756421909
0.14557380635867936
0.1455738391573834
0.1455738888422223
0.14557392137406208
0.14557397078722323
0.1455740030392583
0.14557405217282157
0.14557408414536044
0.14557413173535497
0.14557416862408423
0.14557421546743426
0.14557424639423017
0.145574294000088
0.14557432478582977
0.14557437245793198
0.14557440307865066
0.1455744506439894
0.14557448109983892
0.14557452847673913
0.14557455872334876
0.14557460587219268
0.1455746358774689
0.14557468277954036
0.14557471252747778
0.1455747591723326
0.1455747886641313
0.1455748337833493
0.14557486821314178
0.14557491260921523
0.1455749410916318
0.14557498626201829
0.14557501461235015
0.1455750598566619
0.1455750880496007
0.14557513319402288
0.14557516122800437
0.14557520618999034
0.14557523402061495
0.14557527876050363
0.14557530635666932
0.1455753508567643
0.14557537820205926
0.14557542245175367
0.14557544954848597
0.14557549227555683
0.1455755243186116
0.14557556633767213
0.14557559244794108
0.14557563525918477
0.14557566125640412
0.14557570416180773
0.1455757300227853
0.14557577284962353
0.14557579857276973
0.1455758412382892
0.14557586677896361
0.14557590924303176
0.14557593456995704
0.1455759768146288
0.14557600191051692
0.1455760439243998
0.1455760687913018
0.14557611057677158
0.14557613521130364
0.14557617548179766
0.14557620508875665
0.14557624466755867
0.14557626834041654
0.1455763087228559
0.1455763322929074
0.1455763727792512
0.14557639621798896
0.14557643663106698
0.14557645993997723
0.14557650019886312
0.14557652333321175
0.14557656339891878
0.14557658632506873
0.1455766261775895
0.14557664888230723
0.14557668851339658
0.14557671099664263
0.14557674912256097
0.14557677658401488
0.14557681403980247
0.14557683559453286
0.1455768738723144
0.1455768953432191
0.14557693374451688
0.1455769551069701
0.14557699345751252
0.14557701471073548
0.14557705292818318
0.1455770740273544
0.1455771120717628
0.1455771329845162
0.14557717083690824
0.14557719154698778
0.14557722919430097
0.14557724969652913
0.14557728584510923
0.14557731133385163
0.14557734682359855
0.1455773664121207
0.1455774027299204
0.1455774222396064
0.14557745868582958
0.14557747809276
0.14557751449372308
0.14557753379630428
0.1455775700693419
0.1455775892230132
0.14557762532825114
0.1455776443016344
0.1455776802210393
0.14557769899735337
0.14557773471990573
0.1455777533010161
0.14557778753561076
0.14557781112013127
0.14557784471748525
0.14557786241969994
0.14557789686379544
0.1455779145053351
0.14557794909597518
0.14557796665296097
0.1455780012161657
0.1455780186860797
0.14557805313842268
0.14557807047615495
0.14557810477715483
0.14557812195113148
0.1455781560806408
0.14557817306831292
0.14557820700966223
0.14557822380960972
0.14557825756287468
0.1455782741702819
0.1455783064324003
0.14557832806164284
0.1455783596972624
0.1455783754396057
0.14557840793128107
0.14557842362191487
0.14557845626912122
0.14557847187969813
0.14557850450449752
0.14557852003579083
0.14557855255662944
0.14557856796336566
0.1455786003407684
0.145578615588843
0.145578647802327
0.14557866287803659
0.14557869491888462
0.14557870982171875
0.14557874038825855
0.1455787603214185
0.14557879028285575
0.1455788043550758
0.145578835188193
0.14557884922418335
0.14557888022841128
0.14557889420287273
0.14557892520272414
0.14557893911396919
0.14557897002450074
0.14557898382219375
0.14557901459806274
0.1455790282463354
0.1455790588662514
0.1455790723474139
0.14557910279985103
0.1455791161144346
0.14557914509465825
0.14557916344477234
0.14557919182895465
0.1455792043236797
0.14557923358507346
0.14557924604837164
0.14557927548573993
0.1455792878932195
0.14557931733171273
0.1455793296808093
0.14557935903696356
0.14557937128247372
0.1455794005158725
0.14557941262592938
0.14557944171807655
0.14557945367546482
0.14557948261491013
0.14557949442106546
0.1455795218996901
0.14557953875662452
0.14557956565761443
0.1455795766735675
0.14557960446638177
0.14557961546475903
0.14557964344722119
0.14557965440351303
0.14557968239868174
0.14557969330479414
0.14557972122389196
0.14557973203126806
0.14557975983157795
0.14557977050727486
0.14557979816981328
0.14557980869595513
0.14557983620899598
0.14557984658745465
0.14557987395332767
0.14557988418075943
0.14557991008110302
0.14557992537600217
0.14557995070755764
0.1455799601555579
0.1455799863868746
0.1455799958249149
0.14558002225347955
0.14558003165251723
0.14558005809917327
0.1455800674590369
0.1455800938415204
0.1455801031164192
0.14558012939485815
0.14558013855035587
0.1455801647039574
0.1455801737260579
0.14558019974581232
0.1455802086337128
0.14558023320192576
0.14558024716215245
0.14558027117886227
0.14558027931445083
0.14558030424277402
0.14558031237846128
0.14558033751145905
0.14558034561685537
0.14558037077511116
0.1455803788459328
0.14558040394484886
0.14558041193495908
0.1455804369339
0.14558044481062068
0.1455804696905077
0.14558047743761915
0.14558050218781754
0.14558050980631385
0.14558053310691838
0.14558054580239632
0.14558056855971185
0.14558057543566358
0.1455805991095636
0.1455806059915855
0.14558062987892023
0.1455806367419564
0.14558066066674086
0.14558066750737217
0.14558069138550908
0.14558069815807959
0.1455807219488123
0.14558072862117027
0.14558075230574025
0.1455807588604285
0.14558078242713443
0.145580788865327
0.14558081099084375
0.14558082251774737
0.145580844114556
0.14558084983296685
0.1455808723558368
0.14558087808635287
0.14558090082683633
0.1455809065415475
0.14558092932171512
0.14558093501550004
0.14558095775032853
0.1455809633772342
0.14558098602588387
0.14558099155425477
0.14558101409856358
0.14558101951100524
0.14558104193945873
0.14558104723785636
0.14558106955267602
0.1455810747334986
0.14558109560150848
0.14558110588631054
0.1455811262327007
0.1455811307017336
0.14558115198239502
0.1455811564742191
0.14558117798488718
0.14558118246992116
0.14558120403045358
0.14558120850780007
0.14558123003542034
0.14558123445894694
0.14558125591354193
0.14558126024862364
0.14558128160922248
0.14558128584168845
0.14558130709910216
0.14558131122796408
0.14558133105013765
0.1455813402833619
0.14558135959383756
0.14558136302501082
0.14558138327196704
0.1455813867275354
0.14558140720597207
0.14558141065920158
0.1455814311916514
0.14558143463966586
0.145581455142524
0.1455814585398711
0.14558147897293686
0.14558148228716902
0.14558150263142838
0.14558150584627635
0.14558152609094924
0.14558152920719417
0.14558154801831744
0.14558155624450106
0.14558157455538545
0.14558157698987909
0.14558159624843767
0.14558159871843612
0.1455816182198825
0.14558162069983782
0.14558164026727569
0.14558164275311097
0.14558166230198036
0.14558166474773435
0.14558168423706594
0.145581686610417
0.14558170602129522
0.14558170830464043
0.14558172762520655
0.14558172981794204
0.14558174770705562
0.14558175501316217
0.14558177240704082
0.1455817739226968
0.14558179226531412
0.14558179381685443
0.1455818124027079
0.14558181396488726
0.14558183261741323
0.14558183418604326
0.14558185282082486
0.14558185435033336
0.1455818729267306
0.14558187438551073
0.14558189288529075
0.14558189425579987
0.14558191266723014
0.1455819139510888
0.1455819322761139
0.14558193346951379
0.14558195036156013
0.1455819566888203
0.14558197309867849
0.14558197363515793
0.14558199100739172
0.14558199159318755
0.145582009221974
0.1455820098270465
0.14558202753137928
0.14558202815419916
0.14558204585085807
0.14558204644499867
0.14558206409366428
0.1455820646243368
0.14558208220239974
0.14558208265142586
0.14558210014566914
0.1455821005094168
0.14558211657327735
0.1455821220632711
0.14558213764918784
0.14558213735855777
0.1455821539066845
0.14558215366553184
0.1455821704708453
0.14558217025298514
0.14558218713781754
0.14558218694014644
0.14558220382066034
0.14558220359751167
0.1455822204332944
0.14558222015199604
0.14558223692378883
0.1455822365678198
0.14558225326457663
0.14558225283444448
0.14558226810949626
0.14558227281640237
0.14558228762735873
0.14558228656501135
0.14558230234906616
0.14558230134615482
0.14558231739705124
0.14558231642759517
0.14558233256762462
0.1455823316269622
0.14558234777115178
0.14558234681304744
0.14558236292023677
0.14558236191075785
0.14558237795809434
0.1455823768756992
0.1455823928487475
0.14558239169273188
0.14558240624135885
0.14558241022218454
0.14558242430899163
0.14558242252023146
0.14558243758012898
0.1455824358505211
0.14558245117717988
0.1455824494814299
0.14558246489770094
0.14558246323114057
0.14558247865221688
0.14558247696896945
0.14558249235395615
0.14558249062218062
0.14558250595261732
0.14558250415455495
0.1455825194184865
0.14558251755552978
0.1455825327546848
0.14558253082145534
0.14558254459368197
0.14558254781349084
0.14558256113038684
0.14558255857272823
0.1455825728679052
0.14558257037396558
0.1455825849401738
0.1455825824797034
0.1455825971355095
0.1455825947068561
0.14558260936913991
0.14558260692613847
0.14558262155492946
0.14558261906317427
0.14558263363772186
0.14558263108325437
0.14558264559454756
0.14558264297652168
0.145582656068367
0.14558265860218983
0.14558267125035343
0.14558266802532133
0.1455826816603306
0.14558267850802079
0.14558269242245178
0.14558268931359702
0.1455827033262929
0.1455827002554101
0.145582714280904
0.14558271120127625
0.14558272519851861
0.14558272207711714
0.14558273602667365
0.14558273284692974
0.145582746737777
0.14558274350025713
0.14558275597460574
0.1455827578932585
0.1455827699309095
0.14558276609549833
0.14558277912431006
0.14558277536517295
0.14558278867780178
0.14558278496879137
0.1455827983870053
0.14558279472312982
0.1455828081617674
0.1455828044967189
0.14558281791461355
0.145582814215004
0.1455828275906919
0.14558282383637586
0.1455828371563087
0.14558283334713584
0.14558284525057136
0.14558284659973067
0.14558285807081792
0.1455828536678626
0.14558286613220975
0.14558286180725902
0.14558287455723057
0.14558287028458491
0.1455828831422869
0.14558287891673363
0.14558289179696451
0.14558288757235732
0.1455829004340309
0.14558289617837333
0.1455829090028874
0.14558290469829221
0.14558291747355626
0.14558291312127078
0.14558292584887234
0.14558292144475252
0.1455829327553225
0.14558293352769827
0.14558294441352188
0.1455829394269219
0.14558295131182156
0.14558294640817898
0.1455829585831489
0.14558295373144653
0.14558296601402668
0.145582961211832
0.14558297351831995
0.14558296871904416
0.14558298100914657
0.14558297617812269
0.14558298843085254
0.1455829835539041
0.1455829957600411
0.14558299083611578
0.14558300162891108
0.14558300187568368
0.14558301225111828
0.14558300675393868
0.1455830181336814
0.1455830127254339
0.1455830244018078
0.14558301905541984
0.14558303084828536
0.14558302555715652
0.145583037379468
0.14558303209579632
0.14558304390569105
0.14558303859583524
0.14558305037341443
0.1455830450204527
0.14558305675441013
0.14558305135867752
0.14558306168094126
0.14558306145863614
0.14558307136876067
0.14558306540585234
0.14558307632314008
0.1455830704513228
0.1455830816673016
0.14558307586015357
0.145583087196009
0.145583081448141
0.14558309281845327
0.1455830870834121
0.14558309844693473
0.14558309269221428
0.14558310402987087
0.14558309823772886
0.14558310953658662
0.14558310370546979
0.14558311359310716
0.1455831129372483
0.145583122416216
0.14558311602084642
0.14558312650799088
0.14558312020427425
0.14558313099067943
0.1455831247525431
0.14558313565969586
0.145583129481528
0.14558314042398862
0.14558313425953182
0.14558314519617652
0.14558313901342945
0.14558314992566176
0.1455831437067513
0.14558315458248197
0.14558314832864183
0.14558315916944442
0.14558315287651652
0.14558316230341084
0.14558316120290196
0.14558317022941966
0.14558316338387087
0.14558317342508018
0.1455831666764927
0.14558317702146528
0.14558317033792617
0.14558318080318328
0.1455831741815523
0.1455831846829229
0.14558317807632934
0.1455831885733597
0.14558318194704856
0.14558319241869785
0.14558318575846135
0.1455831961954863
0.14558318950025234
0.14558319852655613
0.14558319701621433
0.14558320564612645
0.1455831984025796
0.14558320804995142
0.14558320090741705
0.145583210863578
0.14558320379477563
0.14558321387996315
0.14558320688024112
0.14558321700867666
0.14558321002947164
0.14558322015805242
0.14558321316487738
0.14558322327306683
0.14558321624853074
0.14558322632467344
0.14558321926885215
0.14558322793559209
0.14558322606672805
0.1455832343414243
0.145583226742063
0.14558323603636694
0.14558322853948996
0.14558323814395072
0.14558323072292942
0.14558324045824908
0.14558323310737858
0.14558324288794394
0.14558323556067818
0.14558324534520728
0.1455832380090289
0.14558324777843965
0.14558324041560505
0.14558325015707776
0.14558324276633247
0.1455832510988696
0.14558324889674487
0.14558325684043913
0.14558324890892646
0.14558325787321993
0.14558325004475445
0.14558325931975985
0.1455832515680346
0.145583260974727
0.14558325329377864
0.14558326274648345
0.14558325508991735
0.14558326454743267
0.14558325688319565
0.14558326632688218
0.1455832586370659
0.14558326805479116
0.1455832603405784
0.14558326973386698
0.14558326199105354
0.14558326997223495
0.14558326743434208
0.14558327503388233
0.14558326676033698
0.14558327538640137
0.14558326722077297
0.14558327616170283
0.14558326807200273
0.145583277143914
0.1455832691267064
0.14558327824522035
0.1455832702535023
0.14558327937807533
0.14558327137702018
0.14558328048653893
0.14558327246186614
0.14558328154700817
0.14558327349756087
0.1455832811737359
0.1455832783213443
0.14558328561933856
0.14558327704270355
0.14558328536928195
0.14558327690378542
0.14558328554932332
0.1455832771674472
0.14558328595168565
0.14558327764843865
0.1455832864854488
0.14558327821232672
0.14558328705911955
0.14558327878170482
0.14558328761777567
0.14558327931868403
0.1455832881323547
0.14558327981161479
0.1455832872172758
0.14558328409504528
0.145583291126109
0.14558328228181275
0.14558329034303316
0.14558328161079895
0.14558328999179695
0.14558328134476545
0.145583289865764
0.1455832812979049
0.14558328987307761
0.14558328133772364
0.14558328992572234
0.1455832813903157
0.14558328997202616
0.14558328141879867
0.14558328998214293
0.1455832814111057
0.14558328856723313
0.1455832851962544
0.14558329198057293
0.14558328288833808
0.1455832907033755
0.14558328172330257
0.14558328985816985
0.14558328096366088
0.14558328923882172
0.1455832804235683
0.14558328875312476
0.1455832799706082
0.14558328831329226
0.14558327953142222
0.1455832878685678
0.14558327906941648
0.14558328738886508
0.1455832785735803
0.14558328687682434
0.14558327804117266
0.1455832849327214
0.14558328131206105
0.14558328783763985
0.14558327848918312
0.14558328605234988
0.14558327682199357
0.14558328470961596
0.1455832755641111
0.14558328359113146
0.14558327452619374
0.14558328260764317
0.14558327357588602
0.1455832816709787
0.14558327263742454
0.14558328072494897
0.145583271675256
0.1455832797458487
0.14558327067883167
0.14558327734030727
0.14558327347962047
0.14558327977765106
0.14558327019914924
0.145583277534195
0.14558326807439026
0.14558327573602076
0.14558326636723443
0.1455832741747985
0.14558326489178422
0.14558327275994357
0.14558326351606943
0.14558327140307017
0.14558326216335776
0.145583270047673
0.14558326079402883
0.14558326866343543
0.14558325939547562
0.14558326585667833
0.14558326179614176
0.14558326789692297
0.14558325812035797
0.1455832652592656
0.14558325560186622
0.14558326306771394
0.14558325350245624
0.14558326111508338
0.14558325163569358
0.1455832593091322
0.1455832498688853
0.14558325756177623
0.14558324812812362
0.14558325582136739
0.1455832463765582
0.14558325405808487
0.14558324460284175
0.14558325087845225
0.1455832466336335
0.14558325255245555
0.14558324259315408
0.14558324955110724
0.14558323971133585
0.14558324699639252
0.14558323724912603
0.14558324468117514
0.14558323501971887
0.14558324251261473
0.14558323289031216
0.1455832404027172
0.1455832307874454
0.14558323830067782
0.1455832286745057
0.14558323617640131
0.14558322654046496
0.14558323403250645
0.1455832243825653
0.1455832304622332
0.1455832260353318
0.1455832317621141
0.14558322161280285
0.14558322838442106
0.14558321836034624
0.1455832254647513
0.14558321553370568
0.1455832227849401
0.14558321294142038
0.1455832202536849
0.1455832104497165
0.14558321778181604
0.14558320798214175
0.14558321531266935
0.1455832055028136
0.14558321282231307
0.14558320300102573
0.14558320891043922
0.14558320430301008
0.14558320986140802
0.14558319954110113
0.14558320614327497
0.14558319594763583
0.1455832028824265
0.14558319278363568
0.1455831998700411
0.14558318986262572
0.14558319701517414
0.14558318705244286
0.14558319423006094
0.145583184278258
0.14558319145969575
0.14558318150034333
0.1455831886731204
0.14558317870561535
0.14558318446959762
0.14558317971715676
0.145583185133087
0.14558317466964213
0.14558318113047164
0.14558317079216773
0.14558317758595035
0.1455831673455828
0.14558317429177867
0.14558316414282385
0.14558317115530872
0.14558316105096084
0.14558316808834063
0.14558315799603627
0.1455831650392021
0.1455831549411871
0.1455831619780589
0.1455831518750374
0.14558315750490608
0.1455831526199314
0.145583157906287
0.14558314731300132
0.1455831536458357
0.14558314317830626
0.1455831498442442
0.1455831394748123
0.1455831462930413
0.14558313601453482
0.14558314289859448
0.14558313266417156
0.1455831395726239
0.14558312935010975
0.1455831362642479
0.1455831260357058
0.14558313294336322
0.14558312270992596
0.14558312961258613
0.14558311937001778
0.14558312485883876
0.14558311984572336
0.14558312499260304
0.14558311426108483
0.14558312045850608
0.14558310985719475
0.14558311639242894
0.14558310588964274
0.1455831125775552
0.14558310216782902
0.14558310892211923
0.1455830985571779
0.14558310533643357
0.14558309498086042
0.14558310176355152
0.14558309140277662
0.14558309817937032
0.14558308781207965
0.14558309317730955
0.14558308803025694
0.1455830930552434
0.14558308219931673
0.14558308827373045
0.14558307754739844
0.14558308395940273
0.14558307333470036
0.14558307990295866
0.14558306937419319
0.1455830760130989
0.14558306553351336
0.1455830722019659
0.14558306173839472
0.14558306841670296
0.14558305795167648
0.14558306462689424
0.14558305415895947
0.14558305942434852
0.14558305417773218
0.14558305910547018
0.14558304815155731
0.1455830541294489
0.14558304330518182
0.1455830496205488
0.14558303889853613
0.14558304537049013
0.14558303474398662
0.1455830412862723
0.14558303070841436
0.1455830372796224
0.14558302671785206
0.1455830332988846
0.14558302273546284
0.14558302931424935
0.14558301874988236
0.1455830239198634
0.14558301857904368
0.14558302341519574
0.145583012369937
0.14558301825844377
0.14558300734385285
0.1455830135702614
0.1455830027582578
0.14558300914121633
0.14558299842425187
0.14558300487704812
0.14558299420813026
0.14558300068924138
0.14558299003614758
0.14558299652683931
0.14558298587162252
0.1455829923597197
0.14558298170350217
0.14558298819048288
0.14558297752902807
0.14558298260034674
0.1455829771736316
0.14558298191236535
0.14558297077034646
0.14558297656426608
0.14558296555643158
0.1455829716921914
0.14558296078673758
0.14558296707947135
0.1455829562722191
0.14558296263700196
0.14558295188007161
0.14558295827475518
0.1455829475317406
0.1455829539340935
0.1455829431898995
0.14558294959000057
0.1455829388430323
0.14558294382986872
0.14558293830811045
0.14558294296359958
0.14558293173574954
0.1455829374449454
0.1455829263503168
0.1455829324007782
0.1455829214112889
0.14558292762139627
0.1455829167311757
0.14558292301522
0.14558291217747107
0.14558291849434746
0.14558290767591514
0.14558291400594542
0.14558290318994258
0.145582909521668
0.14558289870813584
0.14558290362984821
0.14558289804359184
0.1455829026370501
0.14558289134663374
0.1455828969946209
0.14558288583742587
0.14558289182639372
0.14558288077471615
0.1455828869233657
0.14558287597019923
0.14558288219212084
0.1455828712905344
0.1455828775443041
0.1455828666617508
0.1455828729282941
0.1455828620470665
0.14558286831433967
0.1455828574351645
0.14558286229135461
0.145582856640048
0.14558286117049912
0.14558284981705835
0.14558285540417923
0.14558284418601955
0.14558285011628608
0.1455828390056764
0.14558284509675834
0.14558283408499742
0.14558284024938226
0.1455828292889091
0.14558283548467968
0.14558282454300417
0.14558283075124856
0.14558281981031101
0.14558282601878167
0.14558281507965984
0.14558282128981478
0.14558281034826973
0.14558281514042726
0.14558280943770968
0.14558281390503625
0.14558280248913363
0.14558280801517753
0.14558279673639643
0.14558280260727063
0.1455827914337126
0.14558279746429653
0.14558278639162103
0.14558279249689676
0.1455827814777018
0.1455827876163673
0.14558277661433097
0.14558278276375133
0.14558277176352108
0.14558277791357596
0.14558276691340466
0.1455827716479697
0.14558276587700314
0.14558277028775432
0.14558275881272095
0.14558276428056888
0.14558275294155962
0.14558275875352059
0.14558274752234954
0.14558275349655056
0.14558274236719065
0.14558274841783453
0.1455827373434565
0.14558274342944008
0.1455827323769048
0.1455827384785686
0.14558272743100997
0.14558273353691123
0.14558272249438156
0.14558272718847362
0.14558272137837752
0.14558272575293726
0.145582714241684
0.14558271967487757
0.14558270830019107
0.14558271407760787
0.1455827028114241
0.1455827087513214
0.14558269758633238
0.14558270360210196
0.14558269249126102
0.14558269854141592
0.14558268745214348
0.14558269351759104
0.1455826824321717
0.14558268850086153
0.14558267742001413
0.14558268207537084
0.1455826762260869
0.14558268056277557
0.14558266901319944
0.1455826744097072
0.14558266299800135
0.14558266874028267
0.14558265743912002
0.145582663345927
0.14558265214733562
0.14558265813074192
0.14558264698647527
0.14558265300409148
0.1455826418813023
0.14558264791395054
0.1455826367943878
0.14558264282967845
0.14558263171431388
0.1455826377536316
0.1455826266381766
0.14558263125717066
0.14558262538399758
0.145582629684897
0.1455826181001824
0.14558262346271797
0.1455826120174974
0.14558261772727682
0.14558260638955506
0.1455826122612177
0.14558260102649814
0.14558260697493505
0.1455825957957787
0.14558260178017013
0.1455825906215389
0.14558259662009437
0.14558258546629504
0.14558259146824182
0.14558258031706808
0.14558258490141843
0.14558257898287535
0.1455825832499598
0.14558257162888516
0.14558257695581156
0.14558256547295367
0.1455825711462118
0.14558255977326737
0.14558256561074095
0.1455825543415322
0.14558256025733918
0.14558254904500578
0.14558255499804193
0.1455825438094595
0.14558254978008328
0.14558253859840495
0.1455825445751896
0.14558253340047728
0.1455825379629873
0.14558253202375007
0.1455825362729337
0.14558252463398424
0.14558252994451218
0.14558251844435466
0.1455825241013894
0.1455825127118966
0.14558251853348364
0.14558250724720972
0.14558251314665513
0.14558250191651145
0.1455825078523132
0.14558249664571565
0.14558250259877906
0.1455824913980149
0.1455824973562877
0.14558248616206806
0.14558249070468027
0.1455824847450609
0.14558248897507686
0.14558247731652027
0.1455824826088977
0.14558247109024852
0.14558247673047242
0.1455824653243072
0.145582471130904
0.14558245982956242
0.1455824657153104
0.1455824544706762
0.14558246039291703
0.14558244917197982
0.14558245511140647
0.14558244389581412
0.14558244983995358
0.1455824386306072
0.14558244458078698
0.14558243337335297
0.14558243790100492
0.14558243193885947
0.14558243615436736
0.14558242448202657
0.1455824297616657
0.14558241823081178
0.1455824238597157
0.14558241243824757
0.14558241823082166
0.14558240691408741
0.14558241278512596
0.14558240152563687
0.14558240743429876
0.1455823961970099
0.14558240212195342
0.14558239089235164
0.14558239682358579
0.14558238559916614
0.1455823901110486
0.1455823841224089
0.1455823883229064
0.14558237663303703
0.14558238189573297
0.1455823703459008
0.14558237595674547
0.14558236451849338
0.14558237029511323
0.14558235896209887
0.14558236481851247
0.1455823535438306
0.14558235943892273
0.14558234818945145
0.14558235410358816
0.14558234286249322
0.14558234878425694
0.14558233755160546
0.14558234205659962
0.14558233606189758
0.14558234025925257
0.14558232856682154
0.1455823338286316
0.14558232227727644
0.14558232788767864
0.14558231644877606
0.14558232222530215
0.14558231089105078
0.14558231674677038
0.14558230546994133
0.14558231136327374
0.1455823001112426
0.14558230602307737
0.14558229477813142
0.14558230069642097
0.14558228945927923
0.1455822939592996
0.1455822879590006
0.14558229215140686
0.14558228045290655
0.14558228570949736
0.14558227415227967
0.14558227975813284
0.14558226831470342
0.14558227408815616
0.14558226275073965
0.14558226860490242
0.14558225732603688
0.14558226321836443
0.1455822519647836
0.14558225787580456
0.14558224662902983
0.14558225254617108
0.14558224130702557
0.14558224723155935
0.1455822359956717
0.14558224049523447
0.14558223450690178
0.1455822386992409
0.14558222700148815
0.14558223225978634
0.14558222070490273
0.1455822263138823
0.14558221486968934
0.14558222064356313
0.14558220930528581
0.1455822151587766
0.14558220387889798
