6.003777019692145
6.003768959592425
6.003759110055659
6.003751032926043
6.0037411677028585
6.00373307565156
6.003704448844476
6.003686827285253
6.003678834980765
6.003669053593888
6.003661032504254
6.003651216562661
6.003643166179434
6.003633322278141
6.00362524525448
6.003615377688024
6.003607278740138
6.003597391438802
6.003589275612491
6.003579372735836
6.003571242034009
6.0035613260720995
6.003553184278275
6.003542837716926
6.003534070212473
6.0035244158798955
6.003516462520913
6.003506706561943
6.003498670639708
6.003488847601367
6.003480784842647
6.003470928687978
6.00346283734642
6.003452953952515
6.003444836375134
6.003434929653372
6.003426790958087
6.00341686495714
6.003408709109259
6.003398767358706
6.003390596813495
6.003380221579167
6.003371424207159
6.003361737837167
6.003353750193874
6.0033439598795875
6.003335887865497
6.003326028690202
6.003317927594878
6.003308033448257
6.003299902452809
6.003289979790923
6.003281821541537
6.003271874635788
6.003263694101098
6.003253727038196
6.003245529011876
6.003235545850523
6.003227332599405
6.003216915393135
6.0032080756613
6.003198347488446
6.003190317016248
6.003180484943905
6.003172370356453
6.003162469704518
6.003154326153445
6.003144390760631
6.003136217696283
6.003126254156005
6.0031180542626865
6.003108066895262
6.003099844991895
6.003089837800905
6.003081598888448
6.003071576028369
6.003063322205266
6.003053286227763
6.003045021265085
6.00303455383735
6.003025664140315
6.003015889810471
6.003007813236942
6.002997937169078
6.002989778075503
6.002979835032236
6.002971649181074
6.002961673107913
6.002953458762634
6.0029434555381735
6.002935215038402
6.002925188569724
6.002916927040745
6.002906881378833
6.0028986027749855
6.002888541441021
6.002880248217867
6.0028697526531
6.002860833654567
6.002863243874094
6.002886856615213
6.002933243072279
6.003008920048917
6.003111503234765
6.003244131021375
6.003401637550484
6.003585078474209
6.003787734473868
6.0040095917483525
6.0042432550049885
6.004488369979631
6.004737462954014
6.004990319396413
6.00523975809461
6.005485980828401
6.005721875460751
6.0059484194814585
6.006160588631796
6.006358717887684
6.006537303315542
6.006698168725002
6.00683630917057
6.006954043562684
6.007046753811454
6.007117160953362
6.007160996825139
6.007181294409409
6.007174067585906
6.0071425896609725
6.007083092301059
6.006999032215984
6.006886806340443
6.00675000713959
6.0065847279438485
6.006394915709068
6.00617828165003
6.005937599405051
6.005669637465759
6.005378186364258
6.005060066992896
6.004719136883384
6.0043522268140475
6.003963239685471
6.0035490514342875
6.003113592048769
6.002653783515387
6.002173576120272
6.001669932891506
6.001146821491449
6.0006012405777565
6.000037169456559
5.999451641722402
5.99884864467504
5.998224792874371
5.997584380432146
5.996925539003704
5.996251265803817
5.995558743733065
5.994851922712569
5.994127986906581
5.993390898267587
5.992637809403561
5.991872678500257
5.991092666193404
5.990301711391967
5.98949698428252
5.98868240019623
5.987855133169564
5.987019072340159
5.986171392037519
5.985315951327378
5.98444946103321
5.983576103356278
5.982694027857692
5.981806049718474
5.980830830084267
5.979931404641498
5.979043234363669
5.978146941213659
5.9772389721970836
5.976325027081563
5.975403182287921
5.974477439941993
5.973545175449969
5.9726101920800065
5.9716697795406795
5.97072762519318
5.969780938195526
5.96883331227843
5.967881431722393
5.966929222769476
5.965974729165851
5.965020458432125
5.964063581541256
5.963107484686704
5.962149293803306
5.961192368640226
5.960233775699885
5.9592768451793745
5.958318627495608
5.95736241543305
5.956405251222218
5.95545039152739
5.954494871135593
5.953541914541432
5.952588548877155
5.951637967321512
5.950687193420684
5.94973939159887
5.948791098080399
5.947845897032627
5.946901672976491
5.945960598289964
5.945019768622735
5.944082244917814
5.9431450947158115
5.942211372949185
5.941278104059371
5.9403483324269715
5.939419081910031
5.938493376923573
5.9375682468524404
5.936646697061056
5.935725761223199
5.934808427877818
5.933891735468915
5.93297865627296
5.9320657475511185
5.9311564439140385
5.930248617019488
5.929344289094274
5.928440599503205
5.927540453586518
5.926640966553833
5.925745045558673
5.924849770472605
5.923958046774528
5.923066958825643
5.922179400381023
5.92129246586483
5.920409036825561
5.919526216482937
5.91864687613998
5.91776812647357
5.916892827981156
5.916017609897548
5.915145824233597
5.9142753805667185
5.913408213904021
5.912541543698664
5.911678177922218
5.9108153101425165
5.909955751825303
5.909096662489405
5.908240854535964
5.907385491932866
5.9065333777354
5.905681685680633
5.904833208458661
5.9039851283676095
5.903140229624052
5.902295701159431
5.901454317827417
5.900612784822344
5.899774389198067
5.898937083191563
5.898102732984423
5.89726863546381
5.8964375179759045
5.895606648347792
5.894778757296823
5.893951078345482
5.893126344106233
5.892301791651408
5.8914801453111485
5.890658651043128
5.889840023779513
5.889021529460099
5.888205879936081
5.887390337827259
5.886577603416266
5.885764944180585
5.884955049939592
5.884144698378466
5.883337108571291
5.88253027428047
5.881725989658035
5.880921625236237
5.880119825220176
5.879317929038016
5.8785185851920865
5.877719098003453
5.876922119209382
5.876124957386257
5.875330257311736
5.874535336725446
5.873742833108283
5.872950071279875
5.87215968253826
5.871368998368927
5.870580643468942
5.869791464182568
5.869004629193949
5.868218171866707
5.867433840305143
5.866649074479052
5.8658664609440585
5.865083406202878
5.86430250069204
5.863521116684706
5.862741848528778
5.861962071730135
5.861184374395052
5.860406140336737
5.859629950467077
5.858853195518615
5.858078450796888
5.8573031124606505
5.856529749424743
5.855755273491269
5.854982807875925
5.854210424814687
5.853439829611715
5.852668526097697
5.851899047048414
5.8511288604090685
5.850360502223066
5.849591406322525
5.8488241129492495
5.848056058437028
5.847289777182968
5.846522713153847
5.8457573937515255
5.8449912694948205
5.844226862566384
5.8434616281822604
5.842698082416788
5.841933687610136
5.841170954448326
5.840406859840549
5.839644478407583
5.838881923385539
5.838120853877447
5.83735883849657
5.836598353243503
5.835836929287954
5.835077046040667
5.834316199567665
5.833556873693578
5.832796567220573
5.832037758250513
5.831277953036814
5.830519623508
5.8297602813259
5.829002393302613
5.828243476144362
5.827485991143636
5.826726973358099
5.825969454068233
5.82521157877511
5.824454971041359
5.82369725426126
5.822940864592593
5.822183388140451
5.821427258292295
5.820670025607863
5.819914126007098
5.81915711003066
5.818401406843815
5.817644572838894
5.81688903026309
5.816132340696257
5.815376921533361
5.814620338535582
5.813865003817202
5.813108004372357
5.812352327619324
5.8115961487615175
5.810841054788438
5.810084718919133
5.809329523309355
5.808573100442124
5.8078178350603595
5.807061326290657
5.806305964191222
5.805549349802529
5.804793868575584
5.804037128388483
5.803281508863787
5.8025246236482735
5.801768848222559
5.80101180017155
5.80025584994724
5.799498139182675
5.79874161722122
5.797984492285618
5.797228321026083
5.796470827801099
5.795714353799665
5.794956580973053
5.794199852451137
5.793441816874657
5.7926848225928484
5.791926519621515
5.791169251688823
5.790410675094528
5.789653127654637
5.788894271033914
5.788136438908857
5.787377296346144
5.786619171977589
5.785859736784072
5.785101315053082
5.784341102575153
5.7835820055465685
5.782822266531335
5.78206340654554
5.781303201565066
5.780543946766817
5.779783374811884
5.77902378293523
5.77826286949154
5.777502936868883
5.776741685144826
5.775981411907387
5.775219823427611
5.774459211965037
5.773697288030376
5.772936339588999
5.772174081028343
5.771412795635061
5.770649727988996
5.769887743963314
5.769125112684298
5.768363326889403
5.767600206148263
5.766838006083543
5.766074501492464
5.765311949430602
5.76454809143877
5.763785189958494
5.76302098763408
5.762257742499112
5.761493202984452
5.760729621682852
5.759964750926124
5.759200837472395
5.758435636621751
5.757671391614252
5.7569053919323645
5.756140463145176
5.7553748995781495
5.754610164364096
5.753844116948071
5.753078973178918
5.7523125465912965
5.75154705417847
5.750780276840089
5.750014437262083
5.74924731729172
5.748481135641656
5.747713679837538
5.746947163413114
5.746179378606427
5.745412535452025
5.744644429132894
5.743877265366992
5.74310884462646
5.742341368959289
5.741572175715517
5.740804049460727
5.74003531549583
5.739267407187814
5.738498229051552
5.737729957457162
5.736960450603826
5.736191886322312
5.735422089411993
5.734653243356519
5.733883174188494
5.7331140611953355
5.732343735927467
5.731574372909557
5.730803807276459
5.730034209790724
5.72926341881911
5.728493600992109
5.727722137683092
5.7269517754135855
5.726180863420382
5.7254108114646485
5.7246395615306485
5.723869255421593
5.723097787494809
5.7223273003973745
5.721555656009406
5.720785002741846
5.720013203025591
5.7192424013622025
5.718470465223497
5.717699534164019
5.716927479477037
5.716156437249239
5.715384281254284
5.714613143452435
5.7138404456855145
5.713068896969447
5.71229686982083
5.71152574985556
5.710753513979919
5.709982270244136
5.709209947010339
5.708438652939692
5.707666284430417
5.7068949560760585
5.706122564519299
5.705351220704832
5.704578823030834
5.703807475242409
5.70303508120341
5.702263742801469
5.70149136656096
5.700720050673678
5.6999472550388965
5.699175651344652
5.698403634011077
5.697632565376871
5.696860454934724
5.696089378178148
5.695317295369374
5.6945462825879085
5.693774268575754
5.693003335581691
5.69223141245655
5.691460578093167
5.690688765924578
5.689918050192117
5.6891463680879
5.688375790908036
5.6876042577451065
5.686833836143453
5.686062469507893
5.685292222301112
5.684520594641908
5.683750219838737
5.682979518154344
5.682209827468361
5.681439192363769
5.680669654758954
5.679899209725381
5.679129900199035
5.678359688855769
5.677590624783343
5.676820671133469
5.676051873474443
5.6752821994839096
5.674513690627747
5.6737443172733455
5.672976117786547
5.6722070648794904
5.671439193484161
5.67067004025396
5.669902202859472
5.669134121120997
5.668367114264062
5.667599255894449
5.666832559412923
5.666065047898834
5.665298735397104
5.664531613558478
5.663765702781677
5.662998994590903
5.662233506229187
5.661467233345231
5.660702188981188
5.659936371762566
5.659171791988539
5.658406449944704
5.657642352564478
5.656877070135189
5.65611316608569
5.6553490996422555
5.654586171475259
5.653822482265203
5.6530600183094055
5.6522968290332996
5.651534901313356
5.65077225363254
5.650010879412817
5.649248790308003
5.648487972759933
5.64772644603211
5.646966194797693
5.646205242795999
5.645445573299948
5.644685212120704
5.643926139867375
5.643166386274945
5.642407929641509
5.641648374316587
5.6408902479305345
5.640132031772516
5.639375006476489
5.638617300951171
5.637860873341811
5.637103801111849
5.63634804352724
5.63559164637701
5.634836575540958
5.634080876741908
5.633326512917938
5.632571533636252
5.63181789832414
5.631063658606996
5.63031077139361
5.629557290055716
5.628805168678665
5.6280520428938745
5.627300407645951
5.626548760867356
5.625798368761498
5.625047383466932
5.624297739849271
5.623547537723352
5.622798712863746
5.622049334362992
5.621301344847204
5.620552812787522
5.619805678249182
5.619058013162037
5.618311753998815
5.617564975022163
5.6168196105323105
5.616073735858219
5.615329282531737
5.6145839147340695
5.613840096363966
5.61309634189951
5.612353903303704
5.611610954096074
5.610869407307091
5.610127383434507
5.6093867964225055
5.608645736475055
5.607906124560305
5.607166049949788
5.6064274313051214
5.605688361072187
5.604950754413582
5.6042127060911655
5.603476129349972
5.602739119660041
5.602003587654956
5.601267224200925
5.6005324631959645
5.5997978347352415
5.599064577814011
5.59833088551857
5.597598650698128
5.596866012839022
5.596134865840239
5.595403313912438
5.594673254953141
5.593942794949799
5.593213831329133
5.592484474462284
5.591756619621389
5.591028380274552
5.590301650643126
5.589574545106424
5.588848955759002
5.588122999923368
5.587398568025108
5.586673377930353
5.585949833003544
5.585226481519011
5.5845045490363905
5.583782248996992
5.583061454104736
5.582340324030639
5.581620733175364
5.580900810339541
5.580182437146095
5.579463741611008
5.578746603160431
5.578029152736004
5.577313266997925
5.576597078117623
5.575882460968586
5.575167548644093
5.574454213943195
5.573740198776267
5.573027877983398
5.572315812347714
5.571605218095211
5.570894324292392
5.570184986962795
5.569475380606233
5.568767362872989
5.568059078316818
5.5673523920766605
5.566645447408522
5.565940107653408
5.565234518659411
5.564530540954727
5.563826321925559
5.56312372068524
5.562420884925497
5.561719671772139
5.56101784487341
5.56031775255612
5.55961796830103
5.558919699463896
5.55822118933607
5.557524278943677
5.556827156374035
5.556131664417817
5.555435961620351
5.554741898453305
5.554047631889471
5.553355010862431
5.552662194690466
5.551971029599429
5.551279676448173
5.5505899803020835
5.549900102001945
5.549211884780857
5.548523491587748
5.547836764438859
5.547149487939811
5.546463983151827
5.545778837920569
5.545095245235282
5.544411459471939
5.543729304257994
5.543046979898732
5.542366313985199
5.541685477837691
5.54100630781226
5.540326974732257
5.539649313872691
5.5389714987568714
5.538295362715907
5.537619080082342
5.536944483025442
5.536269746280882
5.5355967004947075
5.534923150527368
5.534251393663179
5.533580028561709
5.5329102485635095
5.53224032251434
5.531572065616001
5.530903690454891
5.530237014623194
5.529570221193519
5.528905135677571
5.52823993934632
5.527576456419066
5.526912870137793
5.52625100245133
5.525589037549134
5.524928796478006
5.524268463202312
5.523609857316956
5.522950800297118
5.522293566191567
5.521636763335211
5.520981579696835
5.520326293200809
5.519672708676533
5.519019047189392
5.518367116191653
5.517715107640568
5.517064837118729
5.5164144945460745
5.515765894479256
5.515117228598652
5.514470309299122
5.513823329242019
5.51317810017508
5.512532814242352
5.5118892818921
5.51124533999261
5.5106032408664145
5.509961602064478
5.509321607579849
5.508681543231571
5.508043205185251
5.507404821840149
5.506768192274111
5.506131516016311
5.505496600444526
5.504861642881226
5.504228449882719
5.503595220347775
5.50296375881541
5.502332265089831
5.501702543262118
5.501072792416962
5.5004448155036165
5.4998168130524
5.499190587500284
5.498563990008552
5.497939250880054
5.497314994439418
5.496692398058942
5.496069752636065
5.495448844641824
5.494827908729221
5.494208736372104
5.493589533530434
5.492972100766401
5.492354642743031
5.4917389594463195
5.491123257374305
5.490509335154735
5.48989539936944
5.489283248094839
5.488671087629946
5.488060715169636
5.487449996212005
5.486841142034658
5.486232788261914
5.48562611474026
5.48501942022112
5.484414487848142
5.483809557891111
5.483206417184268
5.482603277008733
5.482001932682221
5.4814005931133005
5.480801052962758
5.480201522402626
5.479603794485514
5.4790060796871725
5.4784101707961295
5.477814277454071
5.47722019164456
5.476625789729622
5.476033264327107
5.475441257444925
5.474850947906267
5.474260637875599
5.473672105832819
5.473083594858688
5.472496887419264
5.47191019797767
5.471325317683214
5.470740458422671
5.470157410933578
5.469574388194485
5.468993179431136
5.468411997983895
5.467832633051043
5.46725329688886
5.466675778026547
5.4660979627346835
5.465522026463527
5.464946617307978
5.464372914343321
5.463799222266395
5.463227316440566
5.462655441906907
5.462085378355312
5.461515342413187
5.46094711943987
5.460378921218983
5.459812533932104
5.459246170892987
5.458681618133772
5.45811709050277
5.457554375171757
5.45699168647454
5.4564308115668085
5.455869965973901
5.455310937141296
5.454751620756614
5.4541941760149175
5.453637259138417
5.453082050352165
5.452526856776008
5.451973452284974
5.451420084035769
5.450868530990086
5.450317010958775
5.449767311655979
5.449217648465834
5.448669808650692
5.448122008515637
5.447576034364383
5.447030101927121
5.446485997469561
5.445941935897317
5.445399703180066
5.4448572027865225
5.4443165778858
5.443776487886939
5.443238115532574
5.442699767477792
5.442163216571487
5.4416267087527
5.4410920220963686
5.440557373999483
5.440024551546473
5.439491769318526
5.438960814304786
5.4384299017969635
5.437900817773569
5.437371777321388
5.436844566719838
5.4363173997611
5.435792062491118
5.43526646471696
5.4347427354941145
5.434219538122964
5.433698058226766
5.4331766015410095
5.432656941315811
5.432137321931031
5.431619522167411
5.431101758178341
5.430585817911072
5.430069914504237
5.42955583600527
5.429041792308118
5.428529568067973
5.428017374804117
5.427506998702534
5.4269966509950605
5.42648811883184
5.425979317504485
5.425472363461613
5.424965924033899
5.424461189235812
5.423956463745574
5.4234535230411405
5.422950609861651
5.422449505542853
5.4219484247072325
5.4214491579006365
5.420949916512814
5.4204524912384295
5.419955093793486
5.419459513913599
5.418963963049931
5.418470231489861
5.417976528931206
5.417484645548944
5.416992791335921
5.4165027569743405
5.416012461602024
5.415524008690682
5.415036069669948
5.4145498379963115
5.414063614889518
5.41357917781195
5.413094765743847
5.412612162877039
5.412129579275432
5.411648808375188
5.411168057458746
5.410689120023169
5.410210203830198
5.409733101955061
5.409256021199486
5.408780755108678
5.40830550928913
5.407832077494268
5.407358382838706
5.406886517146413
5.406415153078523
5.4059454900946236
5.40547582557942
5.405007940484097
5.404540069165998
5.404073999422234
5.403607937405427
5.403143680344422
5.402679431205015
5.402216987553961
5.401754552613859
5.401293923413048
5.400833302554873
5.400374485558539
5.39991567179055
5.39945865770028
5.399001367848252
5.398545883166729
5.39809087782131
5.397637557189368
5.3971842145474636
5.396732635623291
5.396281050237388
5.3958312514044255
5.395381441077677
5.394933421835947
5.394485392231768
5.39403915528469
5.3935929095943775
5.393148457583275
5.392703997223744
5.392261331755726
5.391818657196552
5.391377776977692
5.3909366187337415
5.39049725490346
5.390058361456078
5.389621150317629
5.389183909545769
5.3887484296998105
5.388312934478113
5.387879221897386
5.387445487812969
5.3870135398391295
5.386581570293515
5.38615138734542
5.385721183273331
5.385292765744378
5.38486432643537
5.384437673988679
5.384010998047959
5.383586107565207
5.3831611921335005
5.38273806161974
5.382314643110393
5.381892999512786
5.381471808608155
5.381052288631859
5.380632720928144
5.3802149020562
5.379797048755898
5.379380965956737
5.378964841775245
5.3785504907331605
5.378136097840865
5.377723478031889
5.377310816412139
5.376899927877412
5.376488996247945
5.376079837252596
5.37567063321058
5.375263200421661
5.3748554666998025
5.374449486749749
5.374043938255037
5.373640047746439
5.3732360891455935
5.37283386498815
5.372431584119993
5.372031058093214
5.371630468294172
5.371231636428552
5.370832740689375
5.3704356036370875
5.370038403488597
5.369642962690433
5.369247458541756
5.36885371455415
5.3684599060575335
5.368067857059894
5.367675495248413
5.367284868586855
5.366894654491714
5.366506087826907
5.3661174364857
5.36573051121174
5.365343513767374
5.3649582636114195
5.36457293472413
5.364189356347177
5.363805698734851
5.36342379184093
5.363041805634236
5.362661569820064
5.362281253457091
5.361902687402323
5.361524038538089
5.36114713825139
5.360769912445182
5.360394402154611
5.360019283911762
5.359645800453807
5.3592722116230025
5.358900335540019
5.358528365344215
5.358158128270615
5.357787789837268
5.357419187174063
5.357050482012872
5.356683512315028
5.356316439474839
5.355951101275162
5.355585658236655
5.355221949415248
5.35485813308502
5.354496048910889
5.354133854847634
5.353773391766709
5.353412582231337
5.353053460963018
5.352694704711182
5.352337564644489
5.35198029151352
5.351624712498508
5.351269011117868
5.350915023632681
5.350560904734256
5.350208500876874
5.349855963888844
5.349505141335537
5.349154185206644
5.3488049435744305
5.348455567083441
5.348107905013842
5.347760106348869
5.347414021221265
5.347067570791723
5.346722784781127
5.346378338170601
5.346035492454072
5.345692489990719
5.345351167070267
5.345009698236595
5.34466992982716
5.344330008551026
5.343991790677566
5.343653419133756
5.343316750997911
5.342979928765857
5.342644809539723
5.342309534586577
5.341975962272054
5.3416422316876995
5.341310201938021
5.340977790807502
5.3406470229847045
5.340316571503777
5.339987706817572
5.339658661871787
5.339331281865149
5.339003731297066
5.338677865736015
5.338351822101799
5.338027466004603
5.337702930458869
5.337380082013251
5.337057053179913
5.336735710530015
5.336414185474848
5.3360943459846535
5.335774321154266
5.335455979597898
5.335137235038214
5.334820107220475
5.334503266653231
5.3341879928690386
5.33387250914645
5.333558670242231
5.333244630722865
5.332932256312244
5.332619674278921
5.3323087605574315
5.331997638495171
5.33168818505581
5.331378523020722
5.3310705293757605
5.330762325793666
5.330455790691856
5.330149043303438
5.329843962806063
5.329538667867137
5.329235039015545
5.328930985085843
5.3286285229170804
5.328326322745323
5.328025674384111
5.32772479060975
5.327425537088505
5.327126057226067
5.326828228244618
5.3265301652797525
5.326233755555722
5.325937110620621
5.325642118478866
5.325346890230479
5.325053314284755
5.324759500019731
5.324467337090564
5.324174932981188
5.3238841783317845
5.323592977935398
5.323303345169049
5.323013946678639
5.3227260830103695
5.32243795658072
5.322151443321291
5.321864675555819
5.3215795408888775
5.321294143994683
5.321010382627684
5.320726357528953
5.320443967217545
5.320161311394987
5.319880288633049
5.319598997500823
5.319319338327707
5.319039407688555
5.318761107054219
5.318482336614615
5.31820510729378
5.3179280833156195
5.31765257566359
5.317376776664836
5.317102573086937
5.316828086510996
5.316555215634074
5.316282054570413
5.316010512200783
5.3157386785597085
5.315468463559359
5.315197956532443
5.314929067549535
5.314659884666965
5.314392319471883
5.3141244575777895
5.313858211465511
5.313591476045828
5.313326259861902
5.313061224139164
5.3127976899521885
5.312533838840649
5.312271568142727
5.312008988063514
5.311748008208265
5.311486711421753
5.311227017549662
5.310967005304454
5.310708595624393
5.310449866485548
5.3101927390003025
5.309935289917739
5.309679441936533
5.309423269312167
5.309168695665963
5.308913794593657
5.308660491227959
5.308406673316091
5.308154347344184
5.30790217241856
5.307651479989313
5.307400439711012
5.307150960701831
5.306901140505128
5.306652901144224
5.306404312217612
5.3061573061505865
5.30590994906545
5.305664174456263
5.305418047998392
5.305173503823157
5.304928605852639
5.3046852896209575
5.304441617095309
5.30419952491386
5.303956895822788
5.303715734967491
5.303474697360138
5.303235126066317
5.3029951797433705
5.302756779114454
5.302518010467352
5.3022808076863335
5.3020432294906845
5.30180722000982
5.3015708339121685
5.301336016359916
5.301100821282127
5.300867194170787
5.300633187477011
5.300400748228026
5.30016792652887
5.299936670414238
5.299704856476652
5.299474488583793
5.299244218162427
5.299015398752818
5.298786177773191
5.298558487178624
5.298330401413917
5.298103865869274
5.297876927631464
5.29765154240371
5.29742575310976
5.2972015165635815
5.296976874893867
5.296753785195412
5.296530288249103
5.296308342772718
5.296085987076685
5.295865180876209
5.295643794422298
5.295423830967965
5.295203938334278
5.29498548037536
5.294766592989448
5.294549219387307
5.294331422135025
5.294115158382431
5.293898463579114
5.293683305334926
5.293467714958951
5.293253661253452
5.293039174722023
5.2928262244439415
5.2926128396159955
5.292400990969818
5.292188705160179
5.29197795389533
5.291766763074733
5.291557105964399
5.29134684482161
5.291137982240548
5.2909291635003255
5.290721763587148
5.290513906267273
5.29030754760551
5.290100737518622
5.289895446612355
5.289689696765568
5.2894854688033
5.289280780791689
5.289077614462469
5.288873987188225
5.2886718813008695
5.28846931229106
5.288268263907425
5.288066749622527
5.2878667543369815
5.287666134054806
5.28746689104513
5.287267665588793
5.287069844204845
5.286871539069922
5.286674717931471
5.286477418453326
5.286281622996065
5.286085341752463
5.285890567425108
5.285695306097406
5.285501551544033
5.285307309044071
5.285114574424728
5.284921352148372
5.284729638039363
5.284537433383123
5.284346734892734
5.2841553917049
5.283965406110725
5.283775414461198
5.283586814068231
5.283397705758695
5.283210069106197
5.283021929868975
5.2828352824930915
5.2826481254619
5.282462463610096
5.282276291191775
5.282091614156316
5.281906425883609
5.281722732640766
5.281538526395019
5.281355815056528
5.281172588095258
5.280990854434822
5.280808456369208
5.280627396577059
5.280446307463569
5.280266597015948
5.280086354543971
5.279907571259652
5.279728260815711
5.279550429548923
5.2793720638886805
5.2791951805642165
5.279017761713342
5.278841825192681
5.278665352233618
5.2784903609857885
5.278314831320873
5.278140783067609
5.277966193562572
5.277793083648027
5.277619429884832
5.277447254713518
5.277274391574248
5.277102843531118
5.276931239802875
5.276760999416741
5.276590199046023
5.276420842504315
5.2762509302756975
5.276082482118023
5.275913470665407
5.2757459260613295
5.275577817172643
5.275411175124232
5.2752439680944505
5.275078227877955
5.274911920781877
5.274747080052932
5.2745816699883425
5.274417725005811
5.2742530719691105
5.274089714836143
5.273926277639027
5.273764190635256
5.273601518892111
5.273440278289603
5.273278457313627
5.273118087785989
5.272957130766302
5.272797628449434
5.272637537729693
5.272478901844688
5.272319676830292
5.2721619063386775
5.272003544856864
5.271846637633819
5.2716891368073
5.271533088691357
5.271376312854268
5.2712208141082115
5.27106521216727
5.270910947826145
5.27075607464501
5.2706026201854295
5.270448560872723
5.270295940433568
5.270142708050838
5.26999091787028
5.269838514809041
5.269687554106382
5.269535979780257
5.269385847411167
5.269235099602687
5.269085793999539
5.268935870878613
5.268787388441205
5.268638158779208
5.26849018771917
5.268342090684749
5.268195318964898
5.268047914723068
5.267901917236468
5.2677552910641685
5.267610091942008
5.26746425727595
5.267319853245211
5.267174812948477
5.267031203667333
5.266886957573293
5.266744142246832
5.266600688489176
5.266458665551873
5.266316001726492
5.2661747672656825
5.266032889677025
5.26589244079599
5.265751223812017
5.265611245884367
5.2654711192111305
5.26533230555254
5.2651928345316765
5.26505475808268
5.264916027910211
5.264778713128598
5.264640737541092
5.264504180557577
5.264366962088837
5.264231162415117
5.264094700679413
5.263959657788467
5.2638239509990035
5.26368966264362
5.263554707988363
5.263421170522985
5.263286846445931
5.263153744409386
5.263020471074162
5.262888499459723
5.262755847747416
5.262624579535768
5.262492634495272
5.262362093877988
5.262230870152587
5.262101054498109
5.26197055497398
5.261841463740183
5.261711688025779
5.26158332044955
5.261454266749225
5.26132662116394
5.261198287151015
5.261071360017688
5.260943628626792
5.26081710324679
5.260690386209468
5.260564960893531
5.2604388343142405
5.260314081648183
5.260188630860832
5.260064574512403
5.259939813351159
5.259816450363077
5.259692382009185
5.259569712310124
5.259446336812639
5.259324359854736
5.259201675569812
5.259080389924694
5.258958394630665
5.258837796653026
5.258716377307257
5.258596148467675
5.25847570804697
5.2583565495253
5.258236668707113
5.258118152122887
5.257998916055807
5.257881064672097
5.257762487113608
5.257645297992131
5.257527382131247
5.257410855191437
5.257293601073067
5.2571777357219345
5.257061141689451
5.2569459365735
5.256830000474438
5.256715451971205
5.256600170410905
5.25648627642018
5.256371542437906
5.2562579820950415
5.256144189945412
5.256031669465393
5.255918404254319
5.255806493190973
5.255693840126958
5.25558256232458
5.25547053579489
5.255359888113569
5.255248491400131
5.255138474050039
5.255027707417024
5.254918320495171
5.25480818277921
5.254699424651569
5.254589913655366
5.254481781289041
5.254372792791697
5.254264963837932
5.254156883417415
5.254050065929325
5.253942483918163
5.253836247596751
5.25372924917073
5.253623617201566
5.25351721653978
5.253412186144788
5.253306386685572
5.253201958062401
5.2530967600841185
5.252992933029421
5.252888335195791
5.252785108407472
5.252681108707058
5.2525784789286565
5.252474976899168
5.252372620249292
5.252269993527527
5.2521686209861524
5.252066464310961
5.251965644841515
5.2518640434322785
5.251763799947317
5.251662768052825
5.251563098045797
5.251462639317356
5.251363543141044
5.251263658536165
5.251165137309388
5.251065826643259
5.250967879703522
5.250869141243637
5.250771765373918
5.250673502481788
5.250576372252855
5.250478954883962
5.250382784353561
5.25028581162269
5.2501901690415105
5.250093726295464
5.249998634482424
5.2499027361628805
5.249808192873654
5.2497128428611575
5.2496188486364375
5.249524047535405
5.249430602310835
5.249336348973767
5.249243451878464
5.249149744641072
5.249057392544205
5.24896422848192
5.2488724192458
5.248779706275135
5.248688111300418
5.248596211234183
5.2485055495210124
5.248414065398846
5.248323903041405
5.2482329201730895
5.248143280412296
5.248052813651994
5.247963693799826
5.247873746854628
5.247785147469543
5.24769572089283
5.247607642334364
5.247518735229926
5.247431176134088
5.247342786593321
5.247255744234803
5.247167783581077
5.247080928770277
5.2469937511171585
5.246907804470233
5.246821018020354
5.246735547071237
5.246649238317143
5.246564266236468
5.246478450097573
5.2463939747326656
5.246308655230994
5.2462246772917185
5.246139855171191
5.246056374906642
5.245972049287171
5.245889065848038
5.24580523518989
5.245722745806052
5.245639325000455
5.245556999177051
5.245474335299174
5.245392896587302
5.245310601317026
5.245229615152865
5.24514777386761
5.24506726268815
5.244985890205476
5.244905852061062
5.244824952581502
5.244745388302358
5.244664962679779
5.244585872487892
5.244505919840094
5.2444273030484565
5.244347821934421
5.244269675713571
5.244190584410289
5.244112576696116
5.244034215227649
5.243957072395297
5.24387905622272
5.243802342826606
5.243724757316539
5.2436484955786655
5.243571355607812
5.243495543716987
5.2434188536093504
5.243343492497348
5.243267253209224
5.24319234315459
5.243116553883844
5.2430420943587395
5.242966754383693
5.242892744091013
5.242817852170491
5.242744289973323
5.242669768878516
5.242596319809039
5.2425225023123625
5.242449897673631
5.2423764028154425
5.242304205112906
5.242231118360415
5.242159350376065
5.242086687142297
5.242015346746224
5.241943111292371
5.241872199533793
5.241800392851291
5.241729910498486
5.2416585320937195
5.241588478174067
5.2415175265301714
5.241447898708582
5.241377299350937
5.241307762000287
5.241237840669571
5.241169126499163
5.24109950632945
5.241031177809942
5.240961944168211
5.240894023445873
5.240825191543136
5.2407576768703406
5.24068925118181
5.240622143674714
5.240554125301765
5.240487425540061
5.240419813920838
5.240353521358268
5.240286315265543
5.240220427454433
5.240153555593151
5.240087735643903
5.240021517389442
5.2399565007924
5.239890562907478
5.239825911458876
5.239760340075628
5.239696077333192
5.239630889224602
5.239567014472932
5.23950221471288
5.239438729413142
5.239374319338202
5.239311224118768
5.239247203214211
5.239184497727377
5.239120864897579
5.2390585466683355
5.238995233713761
5.238932964406057
5.238870284366285
5.238808802174054
5.238746385207131
5.2386852510566975
5.2386231826680785
5.2385624183365085
5.2385007138926145
5.2384403180334855
5.23837898232148
5.238318956265281
5.238257990588309
5.238198334935331
5.2381377387976515
5.23807845330719
5.2380182257094425
5.237959307946676
5.237899446649521
5.237840895151202
5.237781335799116
5.237722809268333
5.237663858266441
5.2376060996256335
5.2375473902710015
5.237489958390616
5.23743157628704
5.237374493505917
5.237316454550118
5.237259719208599
5.237202028131478
5.23714564169221
5.237088299855746
5.237032263438069
5.236975270702595
5.23691958428781
5.2368629410266525
5.2368076040715374
5.236751249460449
5.236695920698623
5.23664015512662
5.236585578888925
5.236530039425106
5.236475774589975
5.236420546741752
5.236366615017003
5.236311714447738
5.236258114512911
5.236203546126918
5.236150279470891
5.236096044698923
5.23604311221152
5.235989210795266
5.235936612222867
5.235883043236428
5.235830776438908
5.235777481110805
5.235725203183946
5.235672475900317
5.235620933631859
5.235568414618224
5.235517166165204
5.235464941034867
5.235414007929171
5.235362092434709
5.235311473622949
5.235259872872684
5.235209569982259
5.2351582855423135
5.235108299474278
5.235057331129812
5.23500766184502
5.234957008832054
5.23490765420341
5.234857260598495
5.234807876428841
5.234758030971886
5.234709366662445
5.234659712690907
5.234611325635204
5.234561948853388
5.234513860485387
5.234464776774079
5.2344169868621515
5.234368203102204
5.234320714923539
5.234272233643395
5.234225048631073
5.234176869940963
5.234129988310476
5.234082111591699
5.234035531244006
5.233987954551534
5.233941674290167
5.233894345165158
5.233848017860924
5.233801218964126
5.233755598492228
5.2337089758425215
5.233663617477085
5.233617256790237
5.233572182435796
5.233526100013453
5.233481308388401
5.233435509334739
5.233391002215558
5.233345488159277
5.233301266905348
5.233256037939567
5.233212102155247
5.233167157352661
5.233123505303201
5.233078794647291
5.233035078909372
5.232990879451069
5.232947855028981
5.2329038161733425
5.232861038396876
5.232817245812605
5.232774736037694
5.232731205861047
5.232688963214784
5.232645700803094
5.232603727174972
5.2325607343196845
5.2325190309425045
5.232476307722836
5.232434874672781
5.232392420503862
5.232351255991916
5.232309023510711
5.232267779097402
5.232226040910017
5.232185475752866
5.232143885797448
5.232103555510045
5.232062200123569
5.23202212620586
5.231981021748731
5.231941203620308
5.2319003556123125
5.231860795217204
5.231820205475307
5.231780903932608
5.231740572443194
5.231701529899916
5.231661456093717
5.231622670625654
5.231582809567161
5.231543931389291
5.231504549807271
5.231466338714673
5.231427091609416
5.231389101444283
5.231350074592862
5.23131232634924
5.231273535964333
5.23123602907798
5.231197480738867
5.231160217226283
5.231121912842931
5.231084893878817
5.231046833514183
5.231010059395191
5.230972242611638
5.230935711485576
5.230898136614103
5.230861847576299
5.230824472988702
5.2307880735628425
5.230751160624606
5.230715415041806
5.230678621244185
5.230643081407902
5.2306064926898985
5.230571180219728
5.230534813362238
5.230499727426748
5.230463587985241
5.230428730762196
5.230392821376181
5.230358196229206
5.230322518922873
5.23028812670181
5.230252681405908
5.230218520991073
5.230183268383091
5.230148987123909
5.230114183474015
5.230080546445125
5.230045852177149
5.230012411225674
5.229977912071851
5.229944688118298
5.229910400517124
5.229877392954955
5.229843322533716
5.229810533472517
5.229776682205576
5.229744113043547
5.229710481168172
5.229678132129454
5.229644719214852
5.229612588668869
5.229579357498118
5.229547091689358
5.22951429385521
5.229482660120264
5.229449958674585
5.229418508282287
5.229385989127433
5.229354742896989
5.229322422588664
5.229291380199297
5.229259264587826
5.229228428307497
5.229196519524353
5.229165890786908
5.22913418913455
5.229103768397759
5.229072273628532
5.229042059297607
5.229010736549455
5.228980373799144
5.228949470127423
5.228919728593505
5.228888909574862
5.228859340514593
5.228828693854934
5.22879931965418
5.228768862977555
5.228739684044962
5.228709423650852
5.228680442499796
5.228650380641958
5.22862159869773
5.228591735630879
5.228563153339832
5.228533488766457
5.2285051044140145
5.228475636792006
5.228447449593633
5.228418146923729
5.228389799284249
5.228360903599461
5.228333169230071
5.22830434812055
5.228276775545664
5.22824811501089
5.228220725436466
5.228192242533629
5.228165035368036
5.228136735890115
5.228109713497677
5.22808159958561
5.228054763798659
5.228026836012671
5.228000186893125
5.227972444772273
5.227945981058751
5.227918394555605
5.227891758581226
5.227864565225179
5.227838531485269
5.227811401664113
5.227785518841529
5.227758538528824
5.227732827331136
5.227706013423977
5.227680473664283
5.227653832211715
5.227628466372806
5.227601999686536
5.227576809486789
5.227550518743019
5.22752550632227
5.227499392960384
5.227474557918891
5.227448594591234
5.227423578715857
5.227397998969611
5.227373578900711
5.227348055431646
5.22732377919377
5.227298397980619
5.227274286000908
5.227249063849447
5.227225116012357
5.22720005898164
5.227176277718953
5.227151388073021
5.227127774938562
5.227103053094189
5.227079608652203
5.227055054476869
5.227031777254268
5.227007364804233
5.226983895138984
5.226959853586587
5.226936970062725
5.226912974261483
5.226890224220394
5.226866360236743
5.226843764046476
5.226820048805939
5.226797606535077
5.226774046259945
5.226751760475041
5.226728357558239
5.226706229888327
5.226682984831695
5.226661015993197
5.226637928796936
5.226616117390343
5.226593186826534
5.226571532377326
5.226548735337576
5.226526875722231
5.226504437034535
5.226483154939436
5.226460751409122
5.226439592351339
5.226417310230832
5.226396295843418
5.226374154210138
5.226353285839654
5.226331291798169
5.2263105726993855
5.226288728995451
5.226268161412125
5.226246468893239
5.226226053088257
5.226204511443658
5.226184246273588
5.226162833901683
5.226142357037639
5.226121294496531
5.226101389000894
5.226080355410235
5.2260605667828095
5.226039648147704
5.226019996704046
5.225999210137092
5.225979695866454
5.225959047596495
5.225939673117507
5.225919165559801
5.2258999326784465
5.225879566463319
5.2258604757793305
5.22584025086337
5.225821301143233
5.225801197866469
5.225782026042478
5.225762261307147
5.225743652436577
5.225723907528324
5.225705406644977
5.22568576775121
5.225667395094826
5.225647879434985
5.225629635267227
5.225610249283033
5.225592136374484
5.225572882635908
5.225554902829761
5.2255357820329955
5.225517936162001
5.225498948448051
5.22548123531679
5.225462363584827
5.225444420870615
5.225425879956565
5.225408495629632
5.225389969416039
5.225372688229356
5.225354263129434
5.225337105263409
5.22531879850468
5.225301764231388
5.225283582208082
5.225266674202239
5.225248619373648
5.225231839311963
5.225213912218733
5.225197260848828
5.225179461531925
5.2251629375037245
5.225145264782283
5.225128867666082
5.225111306220317
5.225094669495057
5.225077428449411
5.2250613428605535
5.225044107043018
5.225028115061969
5.225010970747939
5.2249950930117866
5.224978057880414
5.224962294344444
5.224945374736387
5.224929728225681
5.224912926679129
5.2248973993897465
5.224880716822045
5.224865309163942
5.22484874546823
5.224833456538625
5.224816997906154
5.224801461289206
5.224785313219341
5.224770320092528
5.224754169725697
5.224739262818045
5.224723196403993
5.224708395880075
5.22469243092597
5.224677737126961
5.224661880790464
5.2246472981331
5.224631554565502
5.224617085998069
5.224601456611982
5.224587103265525
5.224571588381711
5.224557349271585
5.224541936739218
5.224527444638857
5.224512336490576
5.224498384191515
5.224483269290697
5.224469398868974
5.224454363413842
5.224440594737082
5.224425656110745
5.224411989565608
5.22439715434158
5.224383592793113
5.224368863609479
5.224355408957246
5.224340786560101
5.224327439678814
5.224312924256827
5.2242996840029505
5.2242852650350615
5.224271763328265
5.224257639547609
5.2242446709820864
5.224230533088455
5.224217639220331
5.224203573535785
5.224190774205551
5.224176798223813
5.22416409398512
5.224150214422888
5.224137608256137
5.224123827863123
5.224111321728407
5.224097641322215
5.224085236234174
5.224071656125835
5.224059351005603
5.224045870276781
5.224033664949306
5.2240202755126015
5.224007800223828
5.223994698818585
5.223982753439372
5.223969633183444
5.223957758094036
5.223944705786646
5.223932921593419
5.223919955268335
5.223908262157787
5.223895388330812
5.223883789227997
5.223871010487157
5.22385950761076
5.223846824886881
5.2238354186545735
5.223822831851946
5.223811521376219
5.223799023494554
5.223787438385083
5.2237752211515085
5.223764159817054
5.223751917324787
5.223740919687639
5.223728738198818
5.22371782407429
5.223705721242078
5.2236948910773195
5.223682873593194
5.223672130390209
5.223660200996335
5.223649546860656
5.223637706474638
5.223627142279434
5.223615391141209
5.2236049159443425
5.2235932486457095
5.223582491486067
5.223571096827559
5.223560857786422
5.223549431616369
5.2235392502363185
5.22352787899111
5.223517775023349
5.223506476449267
5.2234964506000745
5.2234852315911
5.223475287006483
5.223464150995371
5.2234542912161315
5.223443240558673
5.2234334675210965
5.223422503138019
5.22341281619969
5.223401934355938
5.2233919618231175
5.223381348284823
5.2233718917428025
5.223361243816589
5.2233518421146
5.223341246126008
5.2233319187570775
5.223321392321279
5.2233121399216
5.223301689844919
5.223292515452076
5.223282144519749
5.223273050120791
5.223262759172798
5.223253745798919
5.223243535169361
5.223234601769704
5.223224470564113
5.223215616983522
5.223205563426951
5.223196415607418
5.223186622177552
5.223177985267159
5.223168150570503
5.223159561749154
5.2231497723094735
5.2231412517459175
5.22313152574726
5.22312307382734
5.223113418043136
5.223105037950827
5.22309545522487
5.22308714943304
5.223077640952124
5.223069410131005
5.223059976051759
5.223051819563917
5.223042459252223
5.223034003295273
5.223024896307277
5.223016946668635
5.2230077949143565
5.222999890487221
5.222990781285991
5.222982942278017
5.222973893887226
5.222966121142175
5.222957140534884
5.222949437221107
5.222940527227657
5.222932895492204
5.222924057044849
5.222916497757612
5.222907731091546
5.222900243307386
5.22289154897813
5.222883758160951
5.22287531288022
5.222868025585727
5.222859531242554
5.222852284447921
5.222843827486897
5.222836640628025
5.222828238916247
5.2228211127815936
5.222812773299324
5.222805711087717
5.2227974367551395
5.222790440622965
5.2227822324281545
5.222775303476549
5.222767161843352
5.222760299171005
5.222752226088579
5.222745054529434
5.222737224085014
5.222730551712775
5.222722667276634
5.222716030626893
5.222708178746828
5.222701597222416
5.22269379584876
5.222687270380582
5.222679526615527
5.2226730605006955
5.222665377362564
5.222658972807028
5.222651351344886
5.222645009579061
5.222637450854576
5.222631172394288
5.22262367705704
5.222617462767289
5.222610035407909
5.222603508288145
5.222596320217887
5.222590291789271
5.222583047425622
5.222577052443234
5.222569838324243
5.222563896634781
5.2225567310275
5.2225508430587055
5.222543732778348
5.222537901724735
5.222530849605077
5.222525077920083
5.222518085128368
5.222512373461815
5.222505440138375
5.22249978783966
5.22249291885439
5.222486948776698
5.222480312516778
5.2224748359510595
5.22246813847781
5.222462690516776
5.222456018305235
5.2224506183379145
5.22244398946505
5.222438638286061
5.2224320597969305
5.222426760696093
5.222420235574684
5.22241499087688
5.222408520766253
5.222403332881926
5.222396919552915
5.222391788569358
5.222385438665848
5.222379987266754
5.2223738669384785
5.22236890779081
5.222362724440055
5.222357792202786
5.222351632299289
5.222346746114596
5.222340627613829
5.2223357883174035
5.222329718251331
5.222324929066691
5.222318910364292
5.222314173452553
5.2223082071068845
5.22230352357365
5.222297610022201
5.222292978987374
5.2222871254845264
5.222282168619976
5.222276538683987
5.222272069881941
5.222266372172225
5.2222619256720915
5.222256246773289
5.222251841723716
5.222246199714938
5.222241837138567
5.2222362392176604
5.222231922477282
5.222226371707745
5.222222103045127
5.2222166005062505
5.222212381542633
5.222206928750078
5.222202759613317
5.222197356484307
5.222193237597823
5.222187893554073
5.2221834446495325
5.22217832061522
5.2221743588578216
5.222169164393227
5.222165222321966
5.22216004405444
5.22215614133105
5.222150997728242
5.222147134952864
5.222142033006949
5.222138213522868
5.222133156195807
5.222129382572906
5.222124371144435
5.222120644140467
5.22211567885916
5.222111997931577
5.222107088743805
5.222103073813959
5.222098379176035
5.222094847164625
5.222090078211071
5.222086562084524
5.222081805400535
5.222078324377819
5.222073598233864
5.222070153267086
5.222065464867829
5.222062059376658
5.2220574118149115
5.222054048221965
5.222049442715567
5.222046122175923
5.222041559621841
5.222038282441146
5.222033774854214
5.2220301611420785
5.222025865225242
5.2220227333349705
5.222018361570207
5.222015244186103
5.222010883235659
5.222007799399534
5.2220034674571
5.222000418194974
5.221996122476448
5.221993111159926
5.221988854716993
5.221985883615864
5.221981667541096
5.22197873785186
5.221974562674762
5.221971673610093
5.221967551397314
5.221964321814511
5.221960406641081
5.221957655801574
5.2219536611217094
5.22195092120996
5.22194693370125
5.221944223691323
5.2219402616027955
5.22193758265128
5.221933653317394
5.221931008895198
5.221927115467754
5.221924507895069
5.221920651525141
5.221918082121641
5.22191426344143
5.221911731461663
5.221907949869067
5.2219054558091145
5.221901726154629
5.221898887856938
5.221895362452064
5.221893002732209
5.221889396077555
5.221887045646967
5.221883444573663
5.221881122982371
5.221877546148968
5.221875254129971
5.2218717086451765
5.221869449619552
5.221865938496735
5.221863715071247
5.221860239622142
5.221858052582775
5.221854613085866
5.2218524619218405
5.221849072833502
5.221846574736329
5.221843385522429
5.221841362488901
5.2218380887750335
5.221836071765435
5.221832800189396
5.221830808220512
5.22182755717985
5.221825591298142
5.221822368095146
5.221820431791934
5.2218172395731255
5.221815335315851
5.221812175339541
5.221810304319149
5.2218071771547585
5.221805338767007
5.221802260249416
5.2218000722896045
5.221797190934014
5.221795477104479
5.221792510048321
5.221790801272955
5.221787835373783
5.221786150595929
5.221783204236623
5.221781544615184
5.221778625131475
5.221776994121006
5.221774104622564
5.221772504537785
5.221769646154488
5.221768078222831
5.221765251518073
5.221763714988933
5.22176093632022
5.221759047448236
5.221756462356796
5.221755045257919
5.221752371459865
5.221750956399812
5.221748280629225
5.2217468863958345
5.221744227027867
5.221742854871578
5.221740219338431
5.221738872803189
5.2217362643129475
5.2217349457673
5.221732365514314
5.221731076315967
5.221728524973711
5.221727264420907
5.2217247414278996
5.221723509684637
5.221721033441763
5.221719445712941
5.221717160480192
5.221716044486722
5.221713669037834
5.22171255371706
5.2217101750176775
5.2217090797958114
5.221706716673782
5.2217056424130845
5.221703302100314
5.2217022523148175
5.221699937896276
5.221698915251879
5.221696628093501
5.221695633425878
5.22169337385585
5.22169240670393
5.2216901932612485
5.221688868352976
5.221686842432978
5.221685986403388
5.221683867672268
5.221683009657717
5.221680884818043
5.221680043666861
5.221677931244309
5.2216771081001045
5.22167501549681
5.221674213926762
5.221672144348562
5.2216713668709955
5.221669321622679
5.221668569470391
5.221666549165293
5.22166582177939
5.221663845868899
5.221662757699714
5.221660966225128
5.2216603457652795
5.221658460274529
5.221657836986954
5.221655944642874
5.221655337484587
5.221653456921808
5.221652867234434
5.221651005946415
5.221650437298178
5.221648598477249
5.221648053246977
5.221646238074868
5.221645717531857
5.221643926613113
5.221643430047848
5.221641683611574
5.221640824918229
5.22163926083204
5.2216388685472275
5.221637208350255
5.221636810984801
5.221635141466647
5.221634757642081
5.221633097293073
5.221632728344631
5.221631084685224
5.221630734222426
5.221629110510868
5.221628780945013
5.221627178413591
5.221626871135356
5.221625290493203
5.221625004838455
5.221623445558754
5.221623181723605
5.221621665648998
5.22162103568868
5.221619699076657
5.221619535308693
5.221618101131488
5.2216179311053095
5.221616486624473
5.221616329776567
5.221614894054977
5.221614751415888
5.221613331826843
5.221613207008944
5.221611806705223
5.221611702423095
5.221610322809489
5.221610239930058
5.22160888136387
5.221608819454065
5.221607504135053
5.221607075667949
5.221605937713829
5.221605973526946
5.221604736211814
5.221604763758449
5.221603513832136
5.221603551795769
5.221602307887194
5.221602357486288
5.22160112707545
5.221601191933606
5.221599978268106
5.221600060938057
5.221598865353366
5.221598967094691
5.221597790232943
5.221597910517021
5.221596775401141
5.221596526478494
5.221595565736022
5.221595779664542
5.22159471829846
5.221594923147256
5.221593848531168
5.221594063222345
5.221592994186899
5.221593220205174
5.221592164371217
5.22159240537705
5.221591366004473
5.221591624429661
5.221590602743388
5.221590879892182
5.221589876531475
5.221590171729093
5.2215892104087
5.22158913540391
5.221588347084734
5.221588734430548
5.221587844078176
5.221588220679144
5.221587315133453
5.221587699459122
5.221586797312395
5.221587190771832
5.221586299621636
5.221586705880952
5.221585829028301
5.2215862505349655
5.22158538924402
5.221585827416189
5.221584982426104
5.221585436631508
5.221584607444722
5.221585077906504
5.221584289758656
5.22158438671474
5.221583769539813
5.221584329126271
5.221583608867748
5.221584156835925
5.221583420643317
5.22158397616772
5.221583243129809
5.221583807269255
5.221583084809555
5.221583661220731
5.22158295253224
5.22158354396898
5.221582850497711
5.221583457868298
5.221582780015072
5.221583402930896
5.2215827662135155
5.221583015121186
5.221582547127966
5.221583256701797
5.221582683960324
5.2215833801324
5.221582789452067
5.221583490771077
5.221582900886823
5.221583608650117
5.221583027122936
5.221583745015033
5.221583175139752
5.221583905753608
5.221583348902126
5.22158409352989
5.221583550378567
5.221584308526981
5.221583805324297
5.221584187527279
5.221583851235856
5.221584693698163
5.221584252148932
5.221585080945121
5.221584621227679
5.221585454900563
5.221584995772682
5.221585835762634
5.22158538484437
5.221586234821238
5.221585795389934
5.221586657811406
5.22158623112407
5.221587107329207
5.221586694066157
5.221587583425047
5.221587210456922
5.221587722788261
5.22158751487697
5.221588486397247
5.221588171597202
5.221589127758469
5.221588792969135
5.221589752115166
5.221589416030998
5.221590379646067
5.221590049942102
5.2215910217504415
5.2215907017727865
5.221591684260562
5.221591375307827
5.221592369923438
5.221592072767058
5.2215930789120275
5.221592793085847
5.22159381101263
5.221593564814001
5.221594202595494
5.221594119454312
5.2215952167372555
5.221595025802043
5.221596107048383
5.221595895625569
5.221596979959759
5.221596767292137
5.221597855886602
5.221597649500349
5.221598746086638
5.221598549229746
5.221599656604305
5.221599470759229
5.22160058986147
5.22160041545864
5.2216015459283955
5.221601411462229
5.2216021618950625
5.2216021890648205
5.2216033976056595
5.221603315846421
5.221604507028173
5.221604403193592
5.221605595432738
5.221605488343064
5.221606682997386
5.221606580276257
5.221607781074896
5.221607686049441
5.221608895611296
5.221608809675991
5.221610029312388
5.22160995316423
5.221611182403567
5.221611145187012
5.221611992478693
5.221612114961702
5.221613419857189
5.221613432921264
5.2216147202681436
5.221614711153177
5.2216159994458415
5.2216159870508525
5.221617277829355
5.221617269864021
5.221618566860936
5.221618566646663
5.2216198723530125
5.221619881173061
5.221621196948146
5.221621215503403
5.2216225407383146
5.221622598721931
5.221623541464333
5.22162375803849
5.2216251578098944
5.221625263783018
5.221626644694238
5.221626727005106
5.221628107271643
5.221628184692938
5.22162956585331
5.221629646117134
5.221631031935611
5.221631118416783
5.221632511402759
5.2216326054195035
5.221634007037391
5.221634109379148
5.221635519049952
5.221635629267951
5.221637047259747
5.221637196632483
5.221638229900427
5.221638536762592
5.221640027905495
5.221640223668261
5.22164169555685
5.22164186736023
5.221643338846747
5.2216435059104915
5.221644978156564
5.221645148022603
5.221646624776863
5.221646800711512
5.221648284791202
5.221648468301596
5.221649960672472
5.221650152218154
5.221651652550618
5.2216518833143075
5.221652998533256
5.221653384920777
5.2216549563268915
5.221655230390421
5.22165678124865
5.221657029889412
5.221658578502931
5.221658820623672
5.2216603684097
5.221660611695391
5.221662162427853
5.221662410239246
5.221663966564953
5.221664220321363
5.221665783573401
5.221666044232486
5.221667614580826
5.221667914515897
5.221669099156546
5.221669553950385
5.2216711949708925
5.221671537430225
5.22167315800545
5.221673475104647
5.221675093399852
5.221675403970416
5.221677021487698
5.221677333241581
5.221678953726923
5.221679270007211
5.2216808959809144
5.221681218105247
5.221682850962826
5.221683179672721
5.221684818848216
5.22168518640445
5.221686438364884
5.221686958912211
5.2216886661983475
5.221689073038229
5.221690758558605
5.2216911386840295
5.221692820554732
5.2216931928240475
5.221694872646145
5.221695244855796
5.221696926441849
5.221697302004114
5.221698987895553
5.221699368354995
5.221701060556923
5.221701447247122
5.22170314553779
5.221703538242955
5.22170524303008
5.221705675329156
5.221706991407058
5.221707576095588
5.221709348554218
5.221709819146466
5.221711569461281
5.221712013004008
5.2217137598379
5.221714195583209
5.221715940136809
5.221716375685454
5.221718121763142
5.2217185604341205
5.221720310904028
5.22172075425514
5.221722510131773
5.2217229586708465
5.221724719671623
5.221725207020737
5.221726578572559
5.221727216386642
5.221729042664159
5.221729565357408
5.221731368482853
5.2217318630111595
5.2217336611956755
5.221734146545916
5.221735941269236
5.221736425390316
5.221738220996269
5.221738707810496
5.2217405073122265
5.221740998478761
5.221742803353653
5.221743299669599
5.2217451094990475
5.221745645051281
5.221747065113649
5.221747750533785
5.2217496255026825
5.221750195754276
5.221752047598783
5.221752589659852
5.221754436433305
5.221754969213457
5.221756812486751
5.2217573437757965
5.221759187361881
5.221759720561429
5.221761567033992
5.221762103510781
5.221763954309635
5.221764494848844
5.221766349450566
5.221766928628114
5.221768392068642
5.221769119512469
5.221771037068646
5.221771648318974
5.2217735418056055
5.221774123905558
5.221776011349628
5.221776583423426
5.221778466972725
5.22177903736767
5.221780921193311
5.221781493554693
5.22178338033921
5.221783956087191
5.221785847344355
5.221786427289002
5.221788322441216
5.221788906117572
5.221790805405289
5.221791428506337
5.221792935238315
5.221793706105544
5.221795668007881
5.221796322319369
5.221798259798042
5.2217988846547465
5.221800816293843
5.221801431035575
5.221803358104763
5.22180397040183
5.2218058967600065
5.221806509974883
5.221808438526763
5.221809054250427
5.22181098604035
5.221811604809565
5.221813539582882
5.221814197203898
5.221815739018295
5.22181654285721
5.221818538480725
5.221819225063968
5.22182119575179
5.221821852548407
5.221823816894665
5.22182446326304
5.22182642298813
5.221827066835723
5.2218290258453015
5.22182967060089
5.221831631569023
5.221832278653008
5.22183424289516
5.221834893004188
5.221836860046519
5.221837549346865
5.2218391231045835
5.221839958037347
5.221841985716546
5.221842703310934
5.221844705869145
5.221845393158786
5.221847388576437
5.22184806455285
5.22185005446269
5.221850726978227
5.221852715241248
5.221853387735409
5.221855376957515
5.221856050825315
5.221858042470813
5.221858718522343
5.221860712092886
5.221861426978213
5.221863026203452
5.221863885474273
5.221865938101147
5.221866679481651
5.221868706793809
5.22186941783895
5.2218714380786
5.22187213797989
5.221874152957733
5.2218748496632
5.221876863272013
5.221877560225432
5.22187957500859
5.22188027353926
5.221882290954841
5.221882991846018
5.221885011310264
5.221885714103073
5.221887735870566
5.221888478276917
5.22189010438783
5.221890990786507
5.221893071382179
5.221893839408194
5.221895893925353
5.221896630725007
5.22189867766791
5.221899402648725
5.221901443336395
5.221902164218167
5.22190420254554
5.2219049227174406
5.221906961610485
5.221907682682565
5.2219097232026295
5.221910445728617
5.221912487637883
5.22191324938465
5.221914895665359
5.221915800576324
5.221917900787277
5.2219186875674275
5.221920762006739
5.22192151778925
5.221923584533844
5.221924328432738
5.2219263890235155
5.221927128832863
5.221929187099461
5.22192992620063
5.221931984792201
5.221932724597541
5.221934784832679
5.221935526052076
5.221937587476819
5.221938368194789
5.221940033516694
5.221940956413586
5.221943075135515
5.221943879093887
5.221945971247359
5.221946743342053
5.221948826830736
5.221949586115577
5.221951662616248
5.22195241698877
5.221954490395092
5.22195524331906
5.221957316256831
5.221958069144347
5.2219601430922875
5.2219608967687945
5.221962971411173
5.221963764824339
5.221965443140124
5.2219663784455
5.221968510590422
5.2219693272277095
5.221971433144246
5.221972218229603
5.2219743157491685
5.221975088291889
5.221977179097255
5.2219779469738805
5.221980034915043
5.221980801548031
5.221982889163953
5.221983655890062
5.221985744653481
5.22198651227804
5.2219886016318044
5.221989369722967
5.221991459948136
5.22199226804534
5.221993960038242
5.221994908953136
5.221997055041715
5.221997884167048
5.222000002906169
5.222000799427975
5.222002909248214
5.222003692633619
5.2220057948971395
5.222006572909591
5.222008671543252
5.2220094475957435
5.2220115455446745
5.222012321418629
5.222014420161435
5.222015196830614
5.222017296404432
5.222018113567372
5.222019815748797
5.222020773459432
5.22202292948232
5.222023767836011
5.222025896906833
5.22202670291321
5.222028822928252
5.222029615688686
5.222031728187662
5.2220325155161795
5.222034624351194
5.222035409653234
5.222037517499385
5.222038302214419
5.222040410416953
5.222041195282807
5.222043303415904
5.222044128251972
5.222045837933829
5.222046802034946
5.222048964847902
5.222049808762352
5.2220519438967195
5.22205275473644
5.222054880026043
5.22205567690063
5.222057794061573
5.222058584909189
5.222060697864696
5.222061486171248
5.222063597716846
5.222064385305233
5.22206649733058
5.2220672852952426
5.22206939749412
5.222070226118238
5.222071939996457
5.222072907846304
5.222075075378275
5.222075923367051
5.222078063571272
5.222078878784201
5.222081009382417
5.222081810859807
5.222083933562534
5.22208472921875
5.222086847908659
5.222087641195093
5.2220897584382895
5.222090550717051
5.2220926680092274
5.2220934601090905
5.222095576916405
5.2220963684265636
5.2220984851913546
5.222099317663974
5.222101034615712
5.222102005883481
5.222104177475473
5.222105028591715
5.222107172610102
5.222107990794129
5.222110125576092
5.222110930305951
5.2221130571994525
5.2221138562191065
5.222115979118015
5.222116775799354
5.222118897604172
5.2221196935299785
5.222121815273528
5.222122610971501
5.222124732392235
5.222125568938418
5.222127290652042
5.222128264877239
5.2221304399918616
5.222131293503352
5.222133440438925
5.2221342603915994
5.222136397263033
5.222137203100351
5.222139331680848
5.222140131389316
5.2221422556452755
5.222143052701516
5.2221451753492065
5.222145971213092
5.222148093603112
5.222148889009776
5.222151010708621
5.222151847005547
5.222153568609989
5.222154542007418
5.2221567169480085
5.222157569460261
5.2221597161345255
5.2221605348800235
5.2221626710333675
5.222163475148386
5.222165602510189
5.222166399948751
5.222168522449231
5.222169316698556
5.222171437077584
5.222172229815977
5.222174349816222
5.222175142043752
5.22217726129908
5.222178094764831
5.222179813780721
5.22218078405417
5.222182956627833
5.222183806075224
5.222185950478397
5.2221867662198935
5.222188900116688
5.22218970124637
5.222191826386707
5.222192620859618
5.222194741156812
5.222195532448059
5.222197650488188
5.222198439977152
5.222200557270568
5.222201345801128
5.222203461829347
5.222204249004537
5.222206364080098
5.22220719255605
5.22220890568656
5.22220987040663
5.2222120379313015
5.2222128814414805
5.222215020482556
5.222215830087832
5.2222179589661195
5.222218754229203
5.222220874357607
5.2222216630829745
5.222223778402191
5.222224563998618
5.222226677439504
5.222227461516448
5.222229574135227
5.222230357242323
5.222232468798133
5.222233293453984
5.2222350036465555
5.222235963861628
5.222238127541341
5.2222389663030695
5.222241101179279
5.222241905570443
5.222244029431523
5.222244818763262
5.22224693347911
5.222247715900383
5.2222498255523515
5.222250604627243
5.222252711997886
5.222253489236029
5.222255595712611
5.222256371877807
5.222258477049363
5.222259294893782
5.222260998458708
5.222261951436986
5.22226410851851
5.22226493998162
5.222267068274891
5.222267865362018
5.222269982545503
5.222270764428361
5.22227287225342
5.222273646909352
5.222275749320674
5.222276520245489
5.22227861989155
5.222279388514146
5.222281486884709
5.222282254138203
5.222284351011389
5.222285160188528
5.222286855316265
5.222287799391984
5.222289948289819
5.222290770979512
5.222292891264819
5.222293679729185
5.222295789012859
5.222296562386624
5.222298662441879
5.222299428701875
5.222301523453298
5.22230228607911
5.222304378113892
5.222305138483897
5.222307229309544
5.222307988265882
5.222310077363132
5.222310834507359
5.222312922186748
5.222313721492078
5.222315405798474
5.222316339330605
5.2223184780419105
5.222319289681587
5.222321399381324
5.222322176544348
5.222324275558086
5.222325037891796
5.222327127690151
5.222327883046227
5.222329967600248
5.222330719405848
5.222332801656985
5.222333551527781
5.22233563253512
5.222336381022289
5.222338460545597
5.222339251450507
5.222340928344589
5.222341853121
5.222343983796941
5.222344786659396
5.222346888169016
5.222347656215103
5.222349746280684
5.2223504987595835
5.222352579030228
5.222353323954792
5.2223553985905244
5.222356139656175
5.222358211530778
5.222358950316011
5.222361020867011
5.222361758172798
5.222363827016323
5.22236460686443
5.222366272887808
5.222367186249747
5.222369306105384
5.222370097532094
5.222372188275669
5.222372944922175
5.222375024168502
5.222375765235183
5.222377834752173
5.222378568234313
5.222380631976702
5.222381361375107
5.222383421993947
5.22238414873856
5.22238620772322
5.2223869327352554
5.2223889898327736
5.222389757593267
5.222391411732422
5.222392312775661
5.222394420952934
5.22239520015864
5.222397279366215
5.222398023912568
5.222400091703067
5.22240082075753
5.222402878925547
5.222403600487944
5.222405652973346
5.222406370533382
5.22240841993086
5.22240913487257
5.2224111826935244
5.222411895863592
5.222413941593704
5.222414652597605
5.2224166965504955
5.222417450553221
5.2224190899949825
5.2224199767006
5.222422070847781
5.222422835238973
5.222424900031373
5.222425629518104
5.222427683208269
5.222428397460061
5.22243044153465
5.222431148423488
5.222433186868647
5.222433889833177
5.222435925599943
5.222436626264967
5.222438660420775
5.222439359346047
5.222441391659256
5.22244213381083
5.222443762380849
5.222444636917088
5.222446719574236
5.222447471821234
5.222449525028752
5.222450242104325
5.22245228353101
5.222452984716523
5.222455016032333
5.222455709355052
5.222457734715136
5.222458423860597
5.222460446133278
5.222461132677555
5.2224631532997785
5.22246383804614
5.222465856638309
5.222466584740933
5.22246819945103
5.222469059642103
5.222471128506202
5.222471866419139
5.222473905917657
5.222474608726776
5.222476636422085
5.222477323358642
5.2224793410383645
5.222480020118379
5.2224820317506415
5.222482706483369
5.2224847147251205
5.222485386544763
5.222487392888011
5.222488062637807
5.222490066695728
5.222490779939648
5.222492379975396
5.22249322510014
5.2224952794878625
5.22249600244904
5.222498027634513
5.2224987156398175
5.222500729131964
5.222501401383905
5.2225034049995855
5.222504069520003
5.222506067213018
5.2225067275001855
5.222508721870901
5.2225093793125845
5.222511371874438
5.222512027319921
5.222514017561578
5.222514670618435
5.222516658854926
5.222517355761142
5.2225189385534705
5.22251976688407
5.222521804684796
5.2225225102466535
5.22252451831804
5.222525188600495
5.222527185254536
5.222527840032794
5.222529826832642
5.2225304740401
5.222532455013767
5.222533098116579
5.222535076232794
5.222535716867244
5.222537693200163
5.222538331930121
5.222540306250354
5.2225409890851635
5.222542558802207
5.222543372824536
5.222545397044476
5.222546088573515
5.22254808321957
5.222548739385001
5.222550722071469
5.222551362177651
5.222553334587572
5.222553966598248
5.222555932691351
5.222556560163627
5.222558522868285
5.222559147486984
5.222561108315914
5.222561730942645
5.222563689560002
5.22256435639661
5.222565910299147
5.222566708069763
5.222568716549036
5.222569391862116
5.222571370875926
5.222572010919996
5.222573977978904
5.222574602007942
5.222576558911892
5.222577174955133
5.222579125678912
5.222579737248074
5.222581684449036
5.222582292977495
5.222584238145713
5.222584844475588
5.222586787149138
5.222587437639954
5.222588975293747
5.222589756404224
5.222591748720067
5.222592407416328
5.222594370378305
5.222594993919914
5.222596945015494
5.222597552649061
5.222599493723576
5.222600093496136
5.222602028518945
5.222602623937806
5.222604555514546
5.222605147970168
5.222607077614821
5.222607667957162
5.222609595159255
5.222610182995853
5.222612108069723
5.222612740604008
5.222614259471619
5.222615022358299
5.222616996657063
5.222617636622839
5.222619581041163
5.222620185394751
5.222622118069269
5.222622706663573
5.222624629273582
5.222625210128898
5.222627126766209
5.222627703394205
5.222629617059304
5.222630191118429
5.222632102900259
5.2226326749645064
5.222634584640318
5.222635201662814
5.222636706020889
5.222637453215192
5.222639412515748
5.222640037095409
5.222641966773047
5.222642555878779
5.222644473498561
5.2226450464553675
5.222646953711922
5.222647518496179
5.222649419356016
5.222649979454718
5.222651876719348
5.222652433788941
5.222654329011718
5.222654883941332
5.222656776809801
5.222657376736613
5.22265886415449
5.222659593991586
5.222661536385995
5.222662143621675
5.2226640564804265
5.222664628319848
5.222666529110609
5.222667084832186
5.222668975369785
5.222669523018283
5.222671407286938
5.222671950379448
5.222673831039832
5.2226743710117685
5.222676249554755
5.222676787249555
5.222678663214939
5.22267924588698
5.222680716091856
5.222681428252066
5.2226833533687245
5.222683942889603
5.22268583853559
5.222686392757335
5.2226882764271085
5.222688814655906
5.222690688234603
5.222691218550053
5.2226930860277125
5.2226936119495155
5.222695475939041
5.222695998861341
5.222697860877549
5.22269838165061
5.222700241183058
5.222700759413405
5.222702616774653
5.222703180534826
5.222704631068177
5.222705324281021
5.222707230693569
5.22270780091263
5.2227096774392905
5.22271021198397
5.222712076646753
5.222712595268532
5.222714449731225
5.222714960501702
5.222716808888816
5.2227173153443704
5.222719160675129
5.2227196644886655
5.222721507862828
5.222722009616999
5.222723850818732
5.22272439831944
5.222725833578179
5.222726510357209
5.222728400979143
5.222728955058034
5.222730816038333
5.222731334570515
5.222733183432296
5.222733685763727
5.222735524214214
5.22273601833468
5.222737850348308
5.222738339749167
5.222740168067093
5.222740654242034
5.222742480311755
5.222742964199297
5.222744787798601
5.222745317426224
5.2227467349587124
5.222747393633458
5.222749266570883
5.222749802585517
5.222751645998282
5.2227521465778874
5.222753977897407
5.2227544623431585
5.22275628339723
5.222756759766698
5.222758574546322
5.222759046359475
5.222760857526174
5.222761326218021
5.222763135261134
5.222763601674128
5.222765408132897
5.222765920326111
5.222767320480634
5.222767961362257
5.222769816813013
5.222770334912392
5.222772160841824
5.222772643556739
5.222774457449502
5.222774924129639
5.2227767279006665
5.222777186651515
5.222778984307751
5.222779438659609
5.22278123282063
5.222781684171513
5.222783476353718
5.22278392555513
5.222785715249051
5.222786161907455
5.222787949424828
5.222788442397105
5.222789822559075
5.222790444207695
5.222792280688572
5.2227927793119955
5.222794585936789
5.222795048864646
5.222796843614726
5.222797290557157
5.222799074951735
5.222799513834919
5.222801291957545
5.222801726396841
5.222803501373165
5.22280393311768
5.2228057061046105
5.222806135779258
5.222807906591355
5.22280838278728
5.222809747159698
5.222810351899345
5.222812172086935
5.222812654120608
5.222814444720743
5.222814891212381
5.22281666970864
5.222817100020988
5.222818868129629
5.22281929026224
5.222821051962551
5.222821469408467
5.222823227441695
5.222823641693864
5.2228253974463925
5.222825809286594
5.22282756237807
5.22282802053161
5.222829366948836
5.222829953351433
5.22283175556454
5.2228322192753325
5.22283399200825
5.2228344202928705
5.222836180959943
5.222836593150577
5.222838343597921
5.222838747767546
5.222840491994049
5.2228408916654985
5.222842632332736
5.222843028939265
5.222844767533443
5.222845161914618
5.222846897972338
5.222847338910703
5.2228486682249855
5.2228492371822135
5.222851022248298
5.222851468381528
5.222853223844702
5.222853634403058
5.222855377661626
5.222855772085681
5.222857505167811
5.222857891647892
5.222859618622448
5.222860000732733
5.222861724249734
5.222862103408539
5.222863824996989
5.222864202063962
5.222865921219244
5.222866295802621
5.222868012836047
5.222868434499229
5.2228697437589435
5.2228702934562845
5.222872059488712
5.222872486187525
5.22287422244497
5.222874613482393
5.222876337907819
5.222876713008643
5.2228784271292845
5.222878794228428
5.22288050207835
5.222880864703424
5.22288256940037
5.2228829293437276
5.222884632072424
5.222884989980503
5.222886690571716
5.222887095736081
5.2228883894733755
5.222888922552759
5.22289067254619
5.22289108294602
5.2228928034325
5.222893178326023
5.222894886753337
5.222895245518389
5.22289694361079
5.222897294255561
5.222898985996505
5.222899332015244
5.222901020145711
5.222901363030327
5.222903048934919
5.222903389465813
5.222905072763092
5.222905460280265
5.222906736361785
5.2229072513651875
5.222908983559714
5.22290937580878
5.222911078533459
5.222911435339025
5.222913126001646
5.222913466732297
5.222915147203226
5.222915479952892
5.222917154244561
5.222917482544504
5.222919153323817
5.222919478610488
5.222921147365122
5.222921470479367
5.222923136747092
5.222923507127045
5.222924766263897
5.222925264070178
5.222926979382531
5.2229273543934065
5.222929040182937
5.222929379656868
5.222931053235109
5.222931376487761
5.222933039797803
5.222933355062818
5.222935012247411
5.222935323150976
5.222936976900073
5.222937284890247
5.22293893675407
5.222939242706248
5.222940892191756
5.22294119572187
5.222942843145184
5.222943194458052
5.222944433743761
5.222944912527643
5.222946609012798
5.2229469648396005
5.222948631641344
5.2229489518567584
5.222950606884827
5.222950911228122
5.22295255601808
5.222952852432975
5.22295449102353
5.222954782988138
5.222956418363151
5.222956707581626
5.222958340962004
5.222958628150162
5.22296025941579
5.222960594523983
5.222961818571334
5.222962281044379
5.2229639617673245
5.222964301608697
5.222965952923786
5.222966257319128
5.222967896644446
5.222968184986859
5.222969814054881
5.2229700943608695
5.222971717159017
5.222971992923993
5.222973612192934
5.222973884907709
5.22297550203025
5.2229757724738
5.2229773870674086
5.222977705184139
5.2229789122341455
5.222979357315133
5.2229810208882785
5.222981343253679
5.222982977439869
5.222983264403286
5.222984886575945
5.2229851575181305
5.222986769554757
5.222987032578255
5.222988638496527
5.222988897135574
5.222990499604277
5.222990755296508
5.222992355803711
5.222992609390721
5.222994207475203
5.222994508986396
5.222995699609684
5.222996128033057
5.222997775234542
5.22299808090796
5.222999698678666
5.222999968869168
5.2230015744909135
5.223001828528244
5.223003423904174
5.223003669946749
5.223005259205813
5.223005500909088
5.223007086759994
5.223007325587066
5.22300890959173
5.223009146427764
5.2230107281013
5.223010962568486
5.223012542231777
5.223012825114552
5.2230139963113595
5.223014406158624
5.223016034942511
5.22301632187308
5.223017921060434
5.223018172430141
5.223019759902989
5.223019995466351
5.223021572769824
5.223021800480448
5.223023371659376
5.223023594998912
5.223025163039172
5.223025383665587
5.223026949664509
5.223027168211788
5.2230287320814615
5.223028999123106
5.223030155430659
5.223030549334735
5.223032162696509
5.223032434016469
5.2230340180681445
5.223034254007799
5.223035826146013
5.223036046116412
5.223037608084226
5.223037820111826
5.223039375902131
5.223039583484773
5.223041135839049
5.22304134046742
5.223042890767518
5.22304309321984
5.223044641082598
5.223044891848625
5.223046031892798
5.223046409135188
5.2230480059928075
5.2230482604757835
5.223049827983276
5.2230500470904335
5.223051602636917
5.223051805794589
5.223053351288794
5.223053546624328
5.223055086099786
5.223055277157031
5.223056813288045
5.223057001507211
5.223058535782233
5.223058722004625
5.223060253961639
5.223060488747729
5.223061612989721
5.223061974268071
5.223063555494271
5.223063794104574
5.223065346022996
5.22306554923811
5.223067089101861
5.2230672762624275
5.223068805980186
5.22306898520941
5.223070508842254
5.223070683785129
5.223072204070289
5.223072376208412
5.223073894721955
5.223074064951713
5.223075581217349
5.223075749166839
5.223077263509262
5.223077480484578
5.2230785861022335
5.223078929623523
5.22308049321541
5.223080713892207
5.223082248000803
5.223082433196207
5.2230839556765964
5.223084125156915
5.223085637560963
5.223085799286959
5.22308730566326
